69.02031	-159.49858	399.02972	2015-06-01
69.04578	-159.51892	399.64938	2015-06-01
69.02655	-159.41954	402.3352	2015-06-01
69.01211	-159.35413	398.98022	2015-06-01
69.03576	-159.4133	401.61328	2015-06-01
69.02835	-159.38069	401.05292	2015-06-01
69.07779	-159.57242	400.6526	2015-06-01
69.08729	-159.5657	399.952	2015-06-01
69.080574	-159.53226	400.81125	2015-06-01
69.052635	-159.40121	399.92596	2015-06-01
69.068306	-159.42773	401.14728	2015-06-01
69.127716	-159.61244	398.80316	2015-06-01
69.12146	-159.5794	398.14816	2015-06-01
69.14941	-159.67264	397.64566	2015-06-01
69.14691	-159.59969	399.69165	2015-06-01
69.167274	-159.65912	401.3364	2015-06-01
69.218185	-159.81348	395.84842	2015-06-01
69.22087	-159.77275	398.0826	2015-06-01
69.229805	-159.76625	398.82452	2015-06-01
69.20965	-159.66718	399.66867	2015-06-01
69.24527	-159.7932	399.70523	2015-06-01
69.238686	-159.75981	400.2898	2015-06-01
69.2745	-159.88771	400.75204	2015-06-01
69.297356	-159.94897	400.78244	2015-06-01
69.26974	-159.81372	401.45773	2015-06-01
69.26284	-159.78056	399.63528	2015-06-01
69.319664	-160.01025	400.9717	2015-06-01
69.31414	-159.97635	398.22092	2015-06-01
69.28599	-159.84084	400.9134	2015-06-01
69.32224	-159.96927	395.86945	2015-06-01
69.302795	-159.82857	399.91623	2015-06-01
69.359215	-160.05788	398.9711	2015-06-01
69.334145	-159.88287	400.08948	2015-06-01
69.39653	-160.147	400.71817	2015-06-01
69.38393	-160.07855	399.9703	2015-06-01
69.41541	-160.13387	399.81912	2015-06-01
69.430695	-160.16132	400.17648	2015-06-01
69.43517	-160.07996	402.87964	2015-06-01
69.42807	-160.04652	402.87094	2015-06-01
69.45146	-160.10735	401.72443	2015-06-01
69.5062	-160.3401	399.92886	2015-06-01
69.4813	-160.20255	400.57544	2015-06-01
69.46711	-160.13464	401.14386	2015-06-01
69.47569	-160.1284	399.30353	2015-06-01
69.54071	-160.35388	400.96262	2015-06-01
69.52956	-160.24461	401.07416	2015-06-01
69.60312	-160.46521	398.91074	2015-06-01
69.59681	-160.43044	400.44284	2015-06-01
69.62786	-160.48624	402.19714	2015-06-01
69.6007	-160.34937	399.1609	2015-06-01
69.61598	-160.37708	402.29065	2015-06-01
69.67465	-160.57047	401.55606	2015-06-01
69.756546	-160.62999	402.75348	2015-06-01
69.81197	-160.86778	405.094	2015-06-01
69.80578	-160.83241	402.19223	2015-06-01
69.85092	-160.79993	400.4048	2015-06-01
70.02182	-161.15628	402.4219	2015-06-01
70.16788	-161.45416	378.1874	2015-06-01
70.24738	-161.55798	399.6046	2015-06-01
70.31611	-161.7129	402.56915	2015-06-01
70.36242	-161.92651	405.53476	2015-06-01
70.338066	-161.7794	400.8625	2015-06-01
70.34706	-161.77289	405.26965	2015-06-01
70.34025	-161.73666	394.01736	2015-06-01
70.38752	-161.9499	407.5644	2015-06-01
70.34868	-161.73042	406.13556	2015-06-01
70.01784	-158.25174	404.89288	2015-06-07
69.97461	-158.27765	394.4159	2015-06-07
69.93137	-158.30322	399.1683	2015-06-07
69.00052	-155.10829	403.19882	2015-06-08
70.70725	-157.5152	401.98685	2015-06-08
70.708786	-157.48268	404.1997	2015-06-08
70.72972	-157.4455	401.68973	2015-06-08
70.746574	-157.50534	401.31747	2015-06-08
70.74791	-157.47295	402.98093	2015-06-08
70.74901	-157.44058	404.6698	2015-06-08
70.74994	-157.40823	406.474	2015-06-08
70.76718	-157.46815	400.18793	2015-06-08
70.76811	-157.43578	402.27066	2015-06-08
70.77989	-157.62563	400.97913	2015-06-08
70.781456	-157.59299	400.8124	2015-06-08
70.85824	-157.60693	400.7952	2015-06-08
70.872475	-157.73253	398.1339	2015-06-08
70.87395	-157.70004	401.59473	2015-06-08
70.875336	-157.66748	401.42972	2015-06-08
70.87648	-157.63493	401.04874	2015-06-08
70.87746	-157.6024	401.2011	2015-06-08
70.8957	-157.63045	401.5172	2015-06-08
69.31011	-160.26532	401.11862	2015-06-13
69.61006	-157.58533	401.29684	2015-06-15
69.61154	-157.5546	403.28766	2015-06-15
69.6129	-157.52373	397.31293	2015-06-15
69.63266	-157.51779	404.8532	2015-06-15
69.63382	-157.48712	404.97006	2015-06-15
69.634895	-157.45636	403.1377	2015-06-15
69.652306	-157.5121	399.18628	2015-06-15
69.65338	-157.48132	401.122	2015-06-15
69.65421	-157.45059	400.8579	2015-06-15
69.672676	-157.47551	398.8308	2015-06-15
69.673355	-157.44476	402.18356	2015-06-15
69.68384	-157.68567	403.82687	2015-06-15
69.779976	-157.71864	402.81052	2015-06-15
69.78118	-157.68776	399.16315	2015-06-15
69.79836	-157.74397	395.30484	2015-06-15
69.81245	-157.86269	399.91257	2015-06-15
69.81674	-157.76933	399.3619	2015-06-15
69.83078	-157.88821	400.53824	2015-06-15
69.83231	-157.8572	400.49008	2015-06-15
69.83506	-157.79482	397.4385	2015-06-15
69.83628	-157.76387	401.32834	2015-06-15
69.85199	-157.85164	399.29465	2015-06-15
69.85455	-157.78943	400.52554	2015-06-15
69.855675	-157.75838	400.46472	2015-06-15
69.10357	-158.00659	406.0171	2015-06-16
69.11002	-158.03146	399.7522	2015-06-16
69.00112	-153.69798	397.6645	2015-06-17
69.002426	-153.66808	398.23447	2015-06-17
69.003624	-153.63808	397.7309	2015-06-17
69.00472	-153.60797	397.87067	2015-06-17
69.005714	-153.57814	397.31558	2015-06-17
69.00661	-153.54825	396.67337	2015-06-17
69.00726	-153.5184	396.9487	2015-06-17
69.007744	-153.48863	396.4533	2015-06-17
69.01954	-153.72166	395.75708	2015-06-17
69.02085	-153.69174	396.0719	2015-06-17
69.02205	-153.6617	394.5658	2015-06-17
69.023155	-153.63158	396.56964	2015-06-17
69.024155	-153.60172	397.09134	2015-06-17
69.02505	-153.5718	396.27423	2015-06-17
69.02571	-153.54192	396.68643	2015-06-17
69.0262	-153.51213	397.10483	2015-06-17
69.03801	-153.74535	396.67606	2015-06-17
69.03934	-153.7154	397.1666	2015-06-17
69.04055	-153.6853	397.15784	2015-06-17
69.04168	-153.65515	396.15567	2015-06-17
69.04269	-153.62527	396.5473	2015-06-17
69.0436	-153.5953	395.82587	2015-06-17
69.04427	-153.56541	395.4448	2015-06-17
69.044785	-153.53557	396.07962	2015-06-17
69.05654	-153.76904	391.84332	2015-06-17
69.0591	-153.70894	394.41965	2015-06-17
69.06023	-153.67876	396.2651	2015-06-17
69.06124	-153.64885	396.59143	2015-06-17
69.062164	-153.61887	397.1245	2015-06-17
69.06284	-153.58894	397.048	2015-06-17
69.063354	-153.55907	397.29684	2015-06-17
69.07507	-153.79276	399.16733	2015-06-17
69.07764	-153.7326	398.0896	2015-06-17
69.07877	-153.70241	394.1224	2015-06-17
69.09358	-153.81659	398.61493	2015-06-17
69.094925	-153.78656	399.92413	2015-06-17
69.096146	-153.7564	398.49283	2015-06-17
69.09728	-153.72618	399.68277	2015-06-17
69.098305	-153.69623	398.12225	2015-06-17
69.09992	-153.63625	397.9225	2015-06-17
69.10045	-153.6063	396.21915	2015-06-17
69.11205	-153.84053	398.0651	2015-06-17
69.1134	-153.81047	397.8723	2015-06-17
69.114624	-153.78027	398.39325	2015-06-17
69.11577	-153.75003	398.56238	2015-06-17
69.1168	-153.72006	398.46143	2015-06-17
69.11773	-153.69002	397.11902	2015-06-17
69.11842	-153.66002	399.8783	2015-06-17
69.13052	-153.86449	396.97766	2015-06-17
69.131874	-153.83441	396.7353	2015-06-17
69.13311	-153.80418	395.985	2015-06-17
69.13426	-153.77393	395.84332	2015-06-17
69.13529	-153.74393	396.5592	2015-06-17
69.13623	-153.71385	398.32547	2015-06-17
69.13693	-153.68384	396.3589	2015-06-17
69.137474	-153.65384	398.82404	2015-06-17
69.14903	-153.8885	396.5227	2015-06-17
69.1504	-153.8584	396.68207	2015-06-17
69.15164	-153.82816	396.64777	2015-06-17
69.15281	-153.79787	399.71295	2015-06-17
69.153854	-153.76784	397.38843	2015-06-17
69.1548	-153.73775	397.3127	2015-06-17
69.15552	-153.70772	398.2975	2015-06-17
69.15607	-153.67769	397.1644	2015-06-17
69.16759	-153.91257	395.9437	2015-06-17
69.16895	-153.88245	396.77228	2015-06-17
69.170204	-153.85217	396.38943	2015-06-17
69.17137	-153.82185	396.28177	2015-06-17
69.172424	-153.79181	396.20428	2015-06-17
69.173386	-153.7617	397.10266	2015-06-17
69.1741	-153.73163	397.9217	2015-06-17
69.17466	-153.70158	397.44543	2015-06-17
69.186134	-153.93668	397.6666	2015-06-17
69.187515	-153.90652	397.2638	2015-06-17
69.18877	-153.87624	397.14047	2015-06-17
69.18994	-153.84589	397.94714	2015-06-17
69.191	-153.81581	397.56897	2015-06-17
69.19196	-153.78568	397.54523	2015-06-17
69.19269	-153.75558	396.24374	2015-06-17
69.193245	-153.72551	397.23804	2015-06-17
69.20469	-153.96082	396.34247	2015-06-17
69.20607	-153.93063	396.73566	2015-06-17
69.20733	-153.90031	396.26834	2015-06-17
69.20851	-153.86995	401.98108	2015-06-17
69.20958	-153.83986	395.79175	2015-06-17
69.21055	-153.80968	397.24487	2015-06-17
69.21127	-153.77957	395.67688	2015-06-17
69.211845	-153.74947	397.17538	2015-06-17
69.22324	-153.98499	397.4706	2015-06-17
69.22463	-153.95477	395.96332	2015-06-17
69.2259	-153.92444	396.52628	2015-06-17
69.22708	-153.89404	396.05417	2015-06-17
69.22816	-153.86392	396.0609	2015-06-17
69.229126	-153.83372	396.2144	2015-06-17
69.229866	-153.80357	395.3004	2015-06-17
69.23044	-153.77345	395.9675	2015-06-17
69.24179	-154.00919	396.3823	2015-06-17
69.24319	-153.97896	396.5179	2015-06-17
69.24446	-153.9486	396.1334	2015-06-17
69.24565	-153.91817	396.48917	2015-06-17
69.24673	-153.88803	396.79678	2015-06-17
69.24771	-153.8578	397.05997	2015-06-17
69.24845	-153.82764	396.75366	2015-06-17
69.24902	-153.79749	397.7919	2015-06-17
69.260284	-154.03346	397.2856	2015-06-17
69.26167	-154.00322	398.25546	2015-06-17
69.26295	-153.97282	397.14734	2015-06-17
69.26413	-153.9424	397.6976	2015-06-17
69.265205	-153.91223	397.7305	2015-06-17
69.26618	-153.88199	398.62573	2015-06-17
69.266914	-153.8518	396.3697	2015-06-17
69.267494	-153.82162	397.3845	2015-06-17
69.27871	-154.05782	397.2268	2015-06-17
69.280106	-154.02754	395.38104	2015-06-17
69.28138	-153.99713	396.42618	2015-06-17
69.28258	-153.96667	396.37485	2015-06-17
69.28365	-153.93648	397.29446	2015-06-17
69.28464	-153.90622	397.1321	2015-06-17
69.28538	-153.876	396.05173	2015-06-17
69.28596	-153.84581	395.9696	2015-06-17
69.297134	-154.08221	396.5972	2015-06-17
69.29854	-154.05191	396.3356	2015-06-17
69.29982	-154.02148	396.7022	2015-06-17
69.30102	-153.991	397.39435	2015-06-17
69.3021	-153.96077	396.75797	2015-06-17
69.303085	-153.93048	396.0643	2015-06-17
69.30383	-153.90025	396.6902	2015-06-17
69.30442	-153.87003	398.07114	2015-06-17
69.315575	-154.10666	396.62164	2015-06-17
69.316986	-154.07634	396.28662	2015-06-17
69.318275	-154.04588	397.14252	2015-06-17
69.31949	-154.01538	397.6321	2015-06-17
69.32058	-153.98515	396.43024	2015-06-17
69.32158	-153.95483	397.30075	2015-06-17
69.322334	-153.92458	397.69946	2015-06-17
69.32293	-153.89433	397.82843	2015-06-17
69.33404	-154.13118	396.992	2015-06-17
69.33546	-154.10085	396.62177	2015-06-17
69.33675	-154.07036	396.32794	2015-06-17
69.33797	-154.03983	396.34222	2015-06-17
69.339066	-154.00957	397.29703	2015-06-17
69.340065	-153.97923	397.89743	2015-06-17
69.34083	-153.94894	397.5283	2015-06-17
69.34143	-153.91867	396.97485	2015-06-17
69.35249	-154.15575	396.7661	2015-06-17
69.35392	-154.12538	396.963	2015-06-17
69.35522	-154.09486	397.00244	2015-06-17
69.35644	-154.06432	396.5215	2015-06-17
69.357544	-154.03403	396.95392	2015-06-17
69.35855	-154.00366	397.26483	2015-06-17
69.35932	-153.97334	396.97754	2015-06-17
69.35993	-153.94305	397.33606	2015-06-17
69.37098	-154.1803	396.34454	2015-06-17
69.372406	-154.1499	395.68408	2015-06-17
69.37372	-154.11937	397.06677	2015-06-17
69.374954	-154.08879	396.68283	2015-06-17
69.37607	-154.05846	397.34518	2015-06-17
69.37708	-154.02808	397.90112	2015-06-17
69.37786	-153.99773	395.80075	2015-06-17
69.37848	-153.96739	397.5994	2015-06-17
69.38948	-154.20486	396.1848	2015-06-17
69.39092	-154.17445	397.66885	2015-06-17
69.392235	-154.14389	396.04248	2015-06-17
69.39348	-154.11327	396.90918	2015-06-17
69.39459	-154.08293	396.74487	2015-06-17
69.395615	-154.0525	397.25867	2015-06-17
69.3964	-154.02214	396.6648	2015-06-17
69.397026	-153.99179	396.59775	2015-06-17
69.40799	-154.22948	396.62332	2015-06-17
69.40943	-154.19902	396.71555	2015-06-17
69.41075	-154.16844	397.14484	2015-06-17
69.411995	-154.1378	396.43018	2015-06-17
69.413124	-154.10742	397.1791	2015-06-17
69.41415	-154.07698	397.6771	2015-06-17
69.41494	-154.04659	396.55878	2015-06-17
69.415565	-154.0162	397.22565	2015-06-17
69.426445	-154.25414	396.60892	2015-06-17
69.42789	-154.22366	396.51404	2015-06-17
69.42921	-154.19305	397.71066	2015-06-17
69.43044	-154.16238	396.17102	2015-06-17
69.43157	-154.13199	396.0112	2015-06-17
69.432594	-154.10153	396.7534	2015-06-17
69.43339	-154.0711	396.60812	2015-06-17
69.43401	-154.04071	397.31876	2015-06-17
69.44485	-154.27884	396.93884	2015-06-17
69.44629	-154.24835	396.30035	2015-06-17
69.44762	-154.21771	397.0175	2015-06-17
69.44887	-154.18703	396.6699	2015-06-17
69.45	-154.15662	396.93082	2015-06-17
69.45103	-154.12611	396.95483	2015-06-17
69.45182	-154.09567	395.97742	2015-06-17
69.45245	-154.06525	396.39905	2015-06-17
69.46324	-154.3036	396.50803	2015-06-17
69.4647	-154.27307	395.93823	2015-06-17
69.46603	-154.24242	397.10083	2015-06-17
69.467285	-154.2117	396.86447	2015-06-17
69.468414	-154.18126	395.33423	2015-06-17
69.46946	-154.15074	397.1062	2015-06-17
69.47025	-154.12027	395.8365	2015-06-17
69.470894	-154.08981	397.7345	2015-06-17
69.481674	-154.32832	396.9965	2015-06-17
69.48315	-154.29776	396.44165	2015-06-17
69.48449	-154.26706	397.15005	2015-06-17
69.485756	-154.23631	395.94632	2015-06-17
69.4869	-154.20584	396.76715	2015-06-17
69.48795	-154.17528	396.65112	2015-06-17
69.48876	-154.14478	396.44333	2015-06-17
69.48941	-154.11427	396.66098	2015-06-17
69.50015	-154.353	396.5656	2015-06-17
69.501625	-154.32242	396.26962	2015-06-17
69.502975	-154.2917	396.22092	2015-06-17
69.50424	-154.26093	396.25366	2015-06-17
69.505394	-154.23042	396.62857	2015-06-17
69.50727	-154.1693	395.86594	2015-06-17
69.50793	-154.13878	396.71207	2015-06-17
69.51862	-154.37773	396.21332	2015-06-17
69.520096	-154.34712	396.38046	2015-06-17
69.521454	-154.31638	396.3479	2015-06-17
69.52273	-154.28557	396.98767	2015-06-17
69.52389	-154.25504	397.26395	2015-06-17
69.52495	-154.22443	398.32816	2015-06-17
69.52577	-154.19386	396.65845	2015-06-17
69.52643	-154.16331	396.7609	2015-06-17
69.53704	-154.40244	397.17123	2015-06-17
69.53852	-154.3718	395.95975	2015-06-17
69.53987	-154.34102	396.34915	2015-06-17
69.541145	-154.31018	396.19424	2015-06-17
69.542305	-154.27962	395.7306	2015-06-17
69.543365	-154.24898	396.9142	2015-06-17
69.54419	-154.21838	395.81158	2015-06-17
69.544846	-154.1878	396.74753	2015-06-17
69.55541	-154.42714	396.8727	2015-06-17
69.55689	-154.39647	396.12042	2015-06-17
69.55826	-154.36568	397.11588	2015-06-17
69.55953	-154.33481	395.2459	2015-06-17
69.5607	-154.30421	396.63528	2015-06-17
69.56177	-154.27356	396.22293	2015-06-17
69.56259	-154.24294	396.39487	2015-06-17
69.563255	-154.21233	397.14783	2015-06-17
69.57378	-154.45189	396.77213	2015-06-17
69.57527	-154.42119	397.14825	2015-06-17
69.57664	-154.39037	397.25674	2015-06-17
69.57792	-154.35948	395.96542	2015-06-17
69.57909	-154.32886	397.94003	2015-06-17
69.58016	-154.29817	396.78818	2015-06-17
69.58099	-154.26752	396.5147	2015-06-17
69.59215	-154.47673	397.1843	2015-06-17
69.59502	-154.41518	396.5936	2015-06-17
69.596306	-154.38428	396.37366	2015-06-17
69.59748	-154.35365	396.18964	2015-06-17
69.61052	-154.5017	395.4813	2015-06-17
69.612015	-154.47096	396.05072	2015-06-17
69.613396	-154.4401	396.0889	2015-06-17
69.61469	-154.40916	396.58865	2015-06-17
69.615875	-154.37851	397.1104	2015-06-17
69.630394	-154.49594	396.60175	2015-06-17
69.631775	-154.46504	397.49945	2015-06-17
69.63308	-154.4341	395.57364	2015-06-17
69.63427	-154.40341	397.35938	2015-06-17
69.64882	-154.521	396.8434	2015-06-17
69.651535	-154.4591	396.41898	2015-06-17
69.65274	-154.4284	396.2716	2015-06-17
69.67002	-154.48418	395.5134	2015-06-17
69.67123	-154.45345	397.45444	2015-06-17
69.6885	-154.50928	396.90915	2015-06-17
69.68971	-154.47852	397.74417	2015-06-17
69.69083	-154.4477	398.79977	2015-06-17
69.70701	-154.53448	398.052	2015-06-17
69.70823	-154.50371	398.97604	2015-06-17
69.72553	-154.55975	398.65628	2015-06-17
69.72676	-154.52896	398.40768	2015-06-17
69.72789	-154.49808	397.79874	2015-06-17
69.72878	-154.46725	398.98206	2015-06-17
69.741264	-154.6472	398.92328	2015-06-17
69.74269	-154.61617	397.25916	2015-06-17
69.74405	-154.58507	396.85187	2015-06-17
69.74528	-154.55424	396.9456	2015-06-17
69.747314	-154.49248	395.96536	2015-06-17
69.75814	-154.70358	393.58047	2015-06-17
69.75969	-154.67267	394.5694	2015-06-17
69.761116	-154.64162	396.81693	2015-06-17
69.76369	-154.57967	397.00046	2015-06-17
69.7765	-154.72917	397.70023	2015-06-17
69.778046	-154.69823	398.1372	2015-06-17
69.77948	-154.66714	396.6231	2015-06-17
69.7841	-154.54329	396.62918	2015-06-17
69.794846	-154.75479	397.0455	2015-06-17
69.7964	-154.72383	397.45364	2015-06-17
69.797844	-154.69272	396.36548	2015-06-17
69.80158	-154.59969	398.01236	2015-06-17
69.80249	-154.56876	398.04825	2015-06-17
69.80323	-154.53783	396.6524	2015-06-17
69.81321	-154.78033	398.24835	2015-06-17
69.81477	-154.74933	395.78717	2015-06-17
69.81622	-154.71819	397.9693	2015-06-17
69.81884	-154.65604	398.48175	2015-06-17
69.81999	-154.62502	397.5157	2015-06-17
69.821655	-154.56308	396.93082	2015-06-17
69.83159	-154.8058	398.7674	2015-06-17
69.83317	-154.77478	396.28143	2015-06-17
69.83462	-154.74359	396.81342	2015-06-17
69.83599	-154.71236	396.66443	2015-06-17
69.839325	-154.61935	397.6236	2015-06-17
69.84008	-154.58836	398.0318	2015-06-17
69.84997	-154.83131	396.83112	2015-06-17
69.85155	-154.80026	397.69864	2015-06-17
69.853004	-154.76906	396.53134	2015-06-17
69.854385	-154.7378	397.22275	2015-06-17
69.85681	-154.67574	396.25955	2015-06-17
69.857735	-154.6447	397.85184	2015-06-17
69.868324	-154.8569	394.0342	2015-06-17
69.86991	-154.82582	394.34415	2015-06-17
69.87275	-154.76332	394.20175	2015-06-17
69.874016	-154.7323	399.3684	2015-06-17
69.888245	-154.85146	396.1341	2015-06-17
69.88972	-154.8202	395.91272	2015-06-17
69.8911	-154.7889	396.09125	2015-06-17
69.89355	-154.72673	398.3312	2015-06-17
69.89525	-154.6646	397.70563	2015-06-17
69.90498	-154.90825	399.0772	2015-06-17
69.90658	-154.87712	397.84283	2015-06-17
69.90806	-154.84584	398.2184	2015-06-17
69.90945	-154.81451	397.2935	2015-06-17
69.91072	-154.78345	398.47632	2015-06-17
69.91362	-154.6901	396.72455	2015-06-17
69.92329	-154.93393	398.81317	2015-06-17
69.92488	-154.90276	397.132	2015-06-17
69.92636	-154.87144	397.07892	2015-06-17
69.930214	-154.7778	396.74536	2015-06-17
69.93115	-154.74666	396.95367	2015-06-17
69.94464	-154.89705	394.65613	2015-06-17
69.94851	-154.80331	398.2644	2015-06-17
69.966805	-154.82887	397.6237	2015-06-17
69.96776	-154.79767	396.88925	2015-06-17
69.98518	-154.85454	399.0827	2015-06-17
69.986145	-154.82332	396.34625	2015-06-17
70.00356	-154.88025	397.44498	2015-06-17
70.00453	-154.849	398.8189	2015-06-17
70.016464	-155.03148	393.68326	2015-06-17
70.02194	-154.906	396.4854	2015-06-17
70.02292	-154.87474	397.96548	2015-06-17
70.04119	-154.90053	398.52817	2015-06-17
70.05847	-154.9577	399.61914	2015-06-17
70.069565	-155.14075	402.72507	2015-06-17
70.07854	-154.92091	397.0199	2015-06-17
70.10609	-155.19283	400.13858	2015-06-17
70.11517	-154.97258	396.7454	2015-06-17
70.12437	-155.21892	396.61093	2015-06-17
70.12603	-155.18747	397.8639	2015-06-17
70.129036	-155.1242	396.8025	2015-06-17
70.13039	-155.09282	398.39978	2015-06-17
70.16567	-155.17664	396.9978	2015-06-17
70.1683	-155.1137	397.29166	2015-06-17
70.17018	-155.05075	398.12857	2015-06-17
70.18094	-155.26633	396.81155	2015-06-17
70.185356	-155.17148	396.92194	2015-06-17
70.18662	-155.13995	397.1481	2015-06-17
70.18765	-155.10844	398.84445	2015-06-17
70.18852	-155.07695	397.58157	2015-06-17
70.2023	-155.22931	397.6086	2015-06-17
70.203674	-155.19781	397.23364	2015-06-17
70.20495	-155.16626	397.7963	2015-06-17
70.205986	-155.13474	398.2856	2015-06-17
70.22199	-155.22421	396.65738	2015-06-17
70.223274	-155.19263	398.52994	2015-06-17
70.2252	-155.12952	398.2018	2015-06-17
70.23413	-155.3773	396.2476	2015-06-17
70.23584	-155.34572	396.59457	2015-06-17
70.24354	-155.15587	397.69553	2015-06-17
70.26098	-155.21397	396.14764	2015-06-17
70.27694	-155.30385	396.92355	2015-06-17
70.296555	-155.29886	398.33826	2015-06-17
70.3149	-155.3256	398.36493	2015-06-17
70.316895	-155.26225	396.3812	2015-06-17
70.35269	-155.34752	398.68427	2015-06-17
70.36399	-155.5335	402.47977	2015-06-17
70.385475	-155.49649	399.3514	2015-06-17
70.402214	-155.55547	400.11243	2015-06-17
70.44303	-155.5138	398.1515	2015-06-17
70.45522	-155.66881	399.75162	2015-06-17
70.47164	-155.72786	397.8743	2015-06-17
70.49488	-155.65872	398.81323	2015-06-17
70.50803	-155.78215	398.36243	2015-06-17
70.511505	-155.71802	397.10284	2015-06-17
70.51309	-155.6858	399.80106	2015-06-17
70.529724	-155.74507	397.1949	2015-06-17
70.53133	-155.71283	396.8761	2015-06-17
70.53281	-155.68085	397.77567	2015-06-17
70.53419	-155.64877	397.3273	2015-06-17
70.54795	-155.77213	397.74527	2015-06-17
70.54956	-155.73984	397.35492	2015-06-17
70.55359	-155.64366	396.62985	2015-06-17
70.584335	-155.82628	399.16507	2015-06-17
70.60076	-155.88565	396.8608	2015-06-17
70.60698	-155.7567	399.02448	2015-06-17
70.6222	-155.84807	402.19226	2015-06-17
70.62371	-155.81593	397.5966	2015-06-17
70.641975	-155.84312	396.0487	2015-06-17
70.64341	-155.8109	397.4997	2015-06-17
70.65352	-155.99959	402.19388	2015-06-17
70.6571	-155.935	397.68152	2015-06-17
70.65875	-155.90256	399.92838	2015-06-17
70.66172	-155.83813	394.88776	2015-06-17
70.69684	-155.92496	397.26346	2015-06-17
70.69828	-155.89264	396.67947	2015-06-17
70.70052	-155.82802	406.71005	2015-06-17
70.71509	-155.95224	399.01205	2015-06-17
70.77124	-156.00214	401.89493	2015-06-17
70.78107	-156.19212	400.4234	2015-06-17
70.78799	-156.06215	398.63437	2015-06-17
70.799225	-156.21991	396.58145	2015-06-17
70.80614	-156.08987	398.66254	2015-06-17
70.80761	-156.0574	399.16907	2015-06-17
70.808846	-156.02495	400.1784	2015-06-17
70.91008	-156.35582	397.73883	2015-06-17
70.92623	-156.41676	399.35135	2015-06-17
70.92816	-156.38417	398.73666	2015-06-17
70.9443	-156.44518	393.17618	2015-06-17
70.94624	-156.41255	396.03806	2015-06-17
70.94806	-156.37976	398.99927	2015-06-17
70.9498	-156.3469	397.33643	2015-06-17
70.951416	-156.3143	399.84616	2015-06-17
70.96626	-156.40802	394.27042	2015-06-17
70.969666	-156.34248	398.90976	2015-06-17
70.973656	-156.24431	397.97375	2015-06-17
70.984535	-156.43626	397.90424	2015-06-17
70.987946	-156.37067	394.70084	2015-06-17
70.9895	-156.3379	400.13654	2015-06-17
70.99081	-156.30516	395.33804	2015-06-17
70.99196	-156.27242	396.94727	2015-06-17
70.99897	-156.53017	395.4262	2015-06-17
71.000946	-156.49745	397.4066	2015-06-17
71.01917	-156.52588	398.19464	2015-06-17
71.02103	-156.49297	397.74548	2015-06-17
71.02602	-156.39445	396.0222	2015-06-17
71.027336	-156.36166	399.7182	2015-06-17
71.04557	-156.39006	400.30972	2015-06-17
71.0638	-156.4185	398.62875	2015-06-17
71.064964	-156.38565	400.68365	2015-06-17
71.083084	-156.41405	398.82483	2015-06-17
71.08979	-156.67307	398.7106	2015-06-17
71.09178	-156.64021	404.15128	2015-06-17
71.11174	-156.63582	399.5501	2015-06-17
71.144	-156.75941	399.77078	2015-06-17
71.14601	-156.72649	400.60745	2015-06-17
71.16598	-156.72223	399.4069	2015-06-17
71.18215	-156.7844	397.27914	2015-06-17
71.198204	-156.84653	394.03873	2015-06-17
71.202156	-156.78035	397.3602	2015-06-17
71.20399	-156.74709	397.56815	2015-06-17
71.21628	-156.87575	396.8616	2015-06-17
71.21832	-156.84271	395.75354	2015-06-17
71.23835	-156.83868	399.3205	2015-06-17
71.240204	-156.80537	397.45425	2015-06-17
71.24357	-156.7392	398.38196	2015-06-17
71.26007	-156.8015	398.94815	2015-06-17
71.26171	-156.76834	399.6303	2015-06-17
71.26311	-156.73518	399.36304	2015-06-17
71.26434	-156.70201	398.55682	2015-06-17
70.04514	-152.02087	398.7899	2015-06-19
70.09998	-152.09953	403.0704	2015-06-19
70.10472	-152.00499	396.27194	2015-06-19
70.11825	-152.12585	400.4673	2015-06-19
70.11994	-152.09444	403.41156	2015-06-19
70.123	-152.03125	402.00357	2015-06-19
70.136505	-152.15224	400.97104	2015-06-19
70.1382	-152.12079	400.2203	2015-06-19
70.14127	-152.05754	399.82904	2015-06-19
70.14265	-152.02615	400.2116	2015-06-19
70.15954	-152.0839	397.50668	2015-06-19
70.16221	-152.02098	397.22617	2015-06-19
70.17471	-152.1736	399.9717	2015-06-19
70.1763	-152.14194	400.2699	2015-06-19
70.17781	-152.11023	398.46906	2015-06-19
70.1792	-152.07878	398.54712	2015-06-19
70.18154	-152.01576	397.75543	2015-06-19
70.194565	-152.16832	398.72845	2015-06-19
70.19608	-152.13658	399.3584	2015-06-19
70.20951	-152.258	400.74478	2015-06-19
70.211235	-152.22644	399.2165	2015-06-19
70.21283	-152.19473	399.3691	2015-06-19
70.214355	-152.16296	399.75195	2015-06-19
70.21575	-152.13147	399.69894	2015-06-19
70.21706	-152.09988	400.60687	2015-06-19
70.229454	-152.25285	398.57877	2015-06-19
70.23106	-152.2211	397.78723	2015-06-19
70.23397	-152.15775	398.20398	2015-06-19
70.23634	-152.09451	401.3188	2015-06-19
70.245895	-152.31079	397.49875	2015-06-19
70.24922	-152.24739	396.73422	2015-06-19
70.25075	-152.21555	397.40662	2015-06-19
70.25454	-152.1207	398.09244	2015-06-19
70.25545	-152.08908	398.9957	2015-06-19
70.27033	-152.21025	397.43228	2015-06-19
70.28558	-152.30014	398.58618	2015-06-19
70.287125	-152.26826	397.09158	2015-06-19
70.3038	-152.32668	399.36325	2015-06-19
70.30535	-152.29475	398.04877	2015-06-19
70.306786	-152.26312	398.3104	2015-06-19
70.30811	-152.2314	401.00613	2015-06-19
70.30921	-152.19969	401.62088	2015-06-19
70.32501	-152.28964	397.68353	2015-06-19
70.326355	-152.25789	398.19565	2015-06-19
70.32745	-152.22617	398.4842	2015-06-19
70.34026	-152.37978	396.4716	2015-06-19
70.34668	-152.22076	399.0905	2015-06-19
70.3601	-152.37425	399.64606	2015-06-19
70.36291	-152.3107	399.36145	2015-06-19
70.36402	-152.2789	396.44418	2015-06-19
70.364975	-152.2471	398.406	2015-06-19
70.39812	-152.39551	398.95984	2015-06-19
70.40159	-152.29994	398.64212	2015-06-19
70.41642	-152.4221	399.90765	2015-06-19
70.4178	-152.39021	401.30814	2015-06-19
70.43472	-152.44875	394.34833	2015-06-19
70.43611	-152.41682	396.0773	2015-06-19
70.437256	-152.38492	397.61313	2015-06-19
70.449936	-152.53946	401.39246	2015-06-19
70.454414	-152.44353	399.04517	2015-06-19
70.45557	-152.4116	399.04108	2015-06-19
70.45655	-152.37968	400.7806	2015-06-19
70.47132	-152.50227	398.47345	2015-06-19
70.48298	-152.6573	399.00092	2015-06-19
70.484795	-152.62534	399.071	2015-06-19
70.486496	-152.59322	398.6981	2015-06-19
70.48811	-152.56104	396.30383	2015-06-19
70.49101	-152.49712	399.5394	2015-06-19
70.50791	-152.55603	398.27258	2015-06-19
70.52136	-152.6794	398.5059	2015-06-19
70.53965	-152.70651	397.84714	2015-06-19
70.54137	-152.67432	399.03876	2015-06-19
70.55964	-152.70149	400.62582	2015-06-19
70.577896	-152.72879	398.0401	2015-06-19
70.579544	-152.69649	400.11255	2015-06-19
70.58107	-152.66444	400.35046	2015-06-19
70.583694	-152.6002	403.73367	2015-06-19
70.59779	-152.72379	393.96686	2015-06-19
70.59933	-152.69173	394.55978	2015-06-19
70.60077	-152.65956	397.54443	2015-06-19
70.60197	-152.62743	397.95663	2015-06-19
70.61079	-152.84793	401.0302	2015-06-19
70.61903	-152.68686	397.07617	2015-06-19
70.62024	-152.6547	398.9122	2015-06-19
70.62128	-152.62253	398.07712	2015-06-19
70.6373	-152.71419	399.2737	2015-06-19
70.64725	-152.90291	397.1044	2015-06-19
70.65677	-152.70934	401.29233	2015-06-19
70.66547	-152.93051	398.73682	2015-06-19
70.66734	-152.89832	400.86035	2015-06-19
70.6691	-152.86594	402.59647	2015-06-19
70.67501	-152.73686	399.00287	2015-06-19
70.68365	-152.95828	399.24493	2015-06-19
70.68553	-152.92604	400.09805	2015-06-19
70.6943	-152.7322	402.61316	2015-06-19
70.70875	-152.8567	399.8618	2015-06-19
70.727005	-152.88443	398.75598	2015-06-19
70.74199	-152.97704	401.02194	2015-06-19
70.74678	-152.87984	398.30145	2015-06-19
70.74803	-152.84749	397.27554	2015-06-19
70.76742	-152.84288	399.75644	2015-06-19
70.78023	-153.0002	397.7775	2015-06-19
70.78568	-152.8706	400.19095	2015-06-19
70.83135	-153.14925	404.77325	2015-06-19
70.83316	-153.11662	403.89813	2015-06-19
70.839294	-152.9865	400.6221	2015-06-19
70.85132	-153.14464	398.03946	2015-06-19
70.85306	-153.11192	399.41345	2015-06-19
70.85859	-152.98187	398.73428	2015-06-19
70.871216	-153.13995	399.36346	2015-06-19
70.87565	-153.04236	401.28137	2015-06-19
69.002525	-161.4352	394.96533	2015-06-20
69.00388	-161.40532	395.76727	2015-06-20
69.00511	-161.37527	396.41812	2015-06-20
69.00626	-161.34518	397.16833	2015-06-20
69.0073	-161.31535	397.2838	2015-06-20
69.00824	-161.28546	397.8971	2015-06-20
69.00894	-161.25562	397.86566	2015-06-20
69.00948	-161.22578	398.4945	2015-06-20
69.02098	-161.459	398.40018	2015-06-20
69.02235	-161.4291	397.81177	2015-06-20
69.02358	-161.39902	398.23785	2015-06-20
69.02474	-161.3689	398.32245	2015-06-20
69.02578	-161.33905	397.61237	2015-06-20
69.026726	-161.30913	399.37445	2015-06-20
69.027435	-161.27925	398.90506	2015-06-20
69.02798	-161.2494	398.89212	2015-06-20
69.03943	-161.48282	398.38837	2015-06-20
69.0408	-161.45288	397.856	2015-06-20
69.042046	-161.42279	398.31186	2015-06-20
69.043205	-161.39265	397.9776	2015-06-20
69.04426	-161.36278	398.59973	2015-06-20
69.045204	-161.33282	397.56866	2015-06-20
69.04592	-161.30293	396.75772	2015-06-20
69.04647	-161.27306	397.0625	2015-06-20
69.05791	-161.50667	398.63043	2015-06-20
69.05928	-161.47668	397.72037	2015-06-20
69.06053	-161.44656	396.9935	2015-06-20
69.06171	-161.41638	397.1488	2015-06-20
69.06276	-161.38647	396.205	2015-06-20
69.06372	-161.35649	397.04523	2015-06-20
69.064445	-161.32657	396.97363	2015-06-20
69.065	-161.29666	397.2334	2015-06-20
69.07639	-161.53049	397.29407	2015-06-20
69.077774	-161.50047	397.64713	2015-06-20
69.07903	-161.47032	396.53284	2015-06-20
69.08021	-161.44012	396.47284	2015-06-20
69.081276	-161.4102	397.85626	2015-06-20
69.08224	-161.38019	398.73288	2015-06-20
69.08296	-161.35023	398.41324	2015-06-20
69.08353	-161.32031	398.01624	2015-06-20
69.09488	-161.55435	397.98596	2015-06-20
69.09627	-161.5243	396.91824	2015-06-20
69.09753	-161.49414	398.0718	2015-06-20
69.09872	-161.46391	396.75403	2015-06-20
69.099785	-161.43396	397.85956	2015-06-20
69.10075	-161.40393	397.3765	2015-06-20
69.10149	-161.37395	398.3406	2015-06-20
69.10205	-161.34398	397.80298	2015-06-20
69.11334	-161.57814	398.63565	2015-06-20
69.11473	-161.54807	397.18738	2015-06-20
69.116	-161.51784	398.03998	2015-06-20
69.11719	-161.48758	396.7238	2015-06-20
69.118256	-161.45758	396.742	2015-06-20
69.11923	-161.4275	397.26874	2015-06-20
69.119965	-161.39749	396.80472	2015-06-20
69.12054	-161.3675	398.5559	2015-06-20
69.13179	-161.60185	397.23267	2015-06-20
69.13319	-161.57175	397.244	2015-06-20
69.13445	-161.5415	396.54086	2015-06-20
69.13565	-161.51122	396.7106	2015-06-20
69.13673	-161.48119	398.04562	2015-06-20
69.1377	-161.4511	397.3868	2015-06-20
69.13844	-161.42105	396.12344	2015-06-20
69.13902	-161.39102	393.56497	2015-06-20
69.15023	-161.6256	398.01617	2015-06-20
69.15163	-161.59547	397.38568	2015-06-20
69.15291	-161.5652	396.72476	2015-06-20
69.154106	-161.5349	397.41592	2015-06-20
69.15519	-161.50484	396.8886	2015-06-20
69.15617	-161.47472	398.2981	2015-06-20
69.15692	-161.44464	397.13403	2015-06-20
69.1575	-161.4146	396.30652	2015-06-20
69.16869	-161.64948	395.24258	2015-06-20
69.1701	-161.61934	395.4793	2015-06-20
69.17139	-161.58907	397.36426	2015-06-20
69.1726	-161.55875	395.88544	2015-06-20
69.17368	-161.52869	396.3563	2015-06-20
69.17468	-161.49855	395.64954	2015-06-20
69.17544	-161.46848	396.8536	2015-06-20
69.17603	-161.43842	395.2811	2015-06-20
69.18717	-161.67351	397.95312	2015-06-20
69.18859	-161.64334	396.92862	2015-06-20
69.18988	-161.61304	398.67007	2015-06-20
69.19109	-161.58269	397.78903	2015-06-20
69.19219	-161.55261	398.39957	2015-06-20
69.19319	-161.52246	398.75436	2015-06-20
69.193954	-161.49236	398.9894	2015-06-20
69.19456	-161.46227	398.3348	2015-06-20
69.20566	-161.69756	397.53787	2015-06-20
69.20708	-161.66737	398.23914	2015-06-20
69.208374	-161.63705	397.64706	2015-06-20
69.209595	-161.60667	398.3212	2015-06-20
69.2107	-161.57657	397.60556	2015-06-20
69.2117	-161.54639	398.21896	2015-06-20
69.21247	-161.51625	397.08875	2015-06-20
69.21307	-161.48615	398.33783	2015-06-20
69.224144	-161.7216	396.79788	2015-06-20
69.22557	-161.69139	397.75278	2015-06-20
69.226875	-161.66103	397.3783	2015-06-20
69.2281	-161.63062	397.8209	2015-06-20
69.22921	-161.60048	397.37714	2015-06-20
69.230225	-161.57027	398.21005	2015-06-20
69.231	-161.5401	397.1277	2015-06-20
69.23161	-161.50995	397.7875	2015-06-20
69.24264	-161.74562	397.78992	2015-06-20
69.24407	-161.71538	396.52246	2015-06-20
69.245384	-161.685	397.6071	2015-06-20
69.24661	-161.65457	396.94116	2015-06-20
69.24773	-161.6244	398.6322	2015-06-20
69.24875	-161.59416	397.9027	2015-06-20
69.24953	-161.56396	396.8258	2015-06-20
69.250145	-161.5338	399.10202	2015-06-20
69.26112	-161.76968	398.49323	2015-06-20
69.262566	-161.73941	398.19568	2015-06-20
69.263885	-161.709	398.63446	2015-06-20
69.26512	-161.67854	396.43323	2015-06-20
69.26624	-161.64836	396.98746	2015-06-20
69.267265	-161.61809	398.15714	2015-06-20
69.26805	-161.58788	397.81937	2015-06-20
69.26868	-161.55768	398.24402	2015-06-20
69.27962	-161.79385	397.8142	2015-06-20
69.28107	-161.76358	398.7609	2015-06-20
69.28239	-161.73315	398.46008	2015-06-20
69.28363	-161.70268	398.7425	2015-06-20
69.28476	-161.67249	399.49902	2015-06-20
69.28579	-161.64221	397.76144	2015-06-20
69.28658	-161.61197	397.6852	2015-06-20
69.28721	-161.58176	396.9596	2015-06-20
69.29811	-161.81816	398.362	2015-06-20
69.29956	-161.78784	399.44705	2015-06-20
69.30089	-161.7574	398.3375	2015-06-20
69.30214	-161.72691	399.3625	2015-06-20
69.303276	-161.69669	399.23224	2015-06-20
69.30431	-161.66638	399.30368	2015-06-20
69.30511	-161.63612	397.78082	2015-06-20
69.30574	-161.60588	398.789	2015-06-20
69.3166	-161.84248	398.9715	2015-06-20
69.318054	-161.81216	397.56088	2015-06-20
69.31939	-161.7817	397.8024	2015-06-20
69.32065	-161.75117	397.32654	2015-06-20
69.321785	-161.72092	397.99228	2015-06-20
69.32283	-161.69058	398.51633	2015-06-20
69.32363	-161.66031	399.20117	2015-06-20
69.32427	-161.63005	398.12018	2015-06-20
69.3351	-161.86693	396.66696	2015-06-20
69.33656	-161.8366	396.6772	2015-06-20
69.337906	-161.8061	396.20276	2015-06-20
69.33917	-161.77557	396.50595	2015-06-20
69.34032	-161.7453	398.35004	2015-06-20
69.34137	-161.71497	398.46332	2015-06-20
69.34218	-161.68468	397.75497	2015-06-20
69.34283	-161.65439	398.504	2015-06-20
69.35361	-161.8915	397.05823	2015-06-20
69.35508	-161.86113	397.71674	2015-06-20
69.35643	-161.83061	397.90402	2015-06-20
69.357704	-161.80006	397.17633	2015-06-20
69.35886	-161.76976	397.24243	2015-06-20
69.35991	-161.7394	398.59863	2015-06-20
69.360725	-161.70908	397.20758	2015-06-20
69.36138	-161.67877	398.12213	2015-06-20
69.372116	-161.91609	398.32278	2015-06-20
69.3736	-161.8857	397.96863	2015-06-20
69.374954	-161.85516	398.97104	2015-06-20
69.37623	-161.82458	399.18958	2015-06-20
69.37739	-161.79427	397.78122	2015-06-20
69.37845	-161.76387	399.11148	2015-06-20
69.37927	-161.73354	397.8226	2015-06-20
69.37993	-161.7032	399.35156	2015-06-20
69.39058	-161.9407	398.35043	2015-06-20
69.39205	-161.9103	398.43784	2015-06-20
69.3934	-161.87973	397.50555	2015-06-20
69.39468	-161.8491	397.98312	2015-06-20
69.39583	-161.81877	397.5937	2015-06-20
69.39689	-161.78835	399.02878	2015-06-20
69.39771	-161.75797	398.328	2015-06-20
69.39837	-161.7276	399.19098	2015-06-20
69.40897	-161.96533	398.69308	2015-06-20
69.41045	-161.93489	397.72916	2015-06-20
69.41181	-161.9043	397.41916	2015-06-20
69.41309	-161.87366	398.49814	2015-06-20
69.41425	-161.84329	398.24414	2015-06-20
69.41532	-161.81285	397.8072	2015-06-20
69.416145	-161.78244	397.9344	2015-06-20
69.41681	-161.75206	398.87183	2015-06-20
69.427376	-161.98999	398.46063	2015-06-20
69.42886	-161.95953	397.664	2015-06-20
69.43022	-161.92891	398.11972	2015-06-20
69.43151	-161.89825	397.9767	2015-06-20
69.43268	-161.86786	398.2663	2015-06-20
69.43375	-161.83739	398.4589	2015-06-20
69.43458	-161.80696	398.7536	2015-06-20
69.43526	-161.77655	399.46698	2015-06-20
69.44734	-161.98422	397.38116	2015-06-20
69.44872	-161.95358	397.115	2015-06-20
69.45003	-161.9229	397.67117	2015-06-20
69.45122	-161.89249	397.72852	2015-06-20
69.4523	-161.86198	398.9501	2015-06-20
69.453156	-161.83154	398.06238	2015-06-20
69.45384	-161.8011	398.21255	2015-06-20
69.46728	-161.97832	397.51535	2015-06-20
69.46859	-161.9476	399.7451	2015-06-20
69.46978	-161.91716	397.89328	2015-06-20
69.47087	-161.88664	399.33493	2015-06-20
69.47173	-161.85616	397.87247	2015-06-20
69.47242	-161.8257	397.98462	2015-06-20
69.487144	-161.97235	398.15182	2015-06-20
69.48834	-161.94188	398.21048	2015-06-20
69.48944	-161.91133	398.2363	2015-06-20
69.4903	-161.88083	397.91663	2015-06-20
69.491	-161.85033	398.51138	2015-06-20
69.50565	-161.99704	399.67297	2015-06-20
69.50684	-161.96654	398.9654	2015-06-20
69.50795	-161.93596	398.51984	2015-06-20
69.527306	-161.93004	400.28168	2015-06-20
69.54581	-161.95471	398.41785	2015-06-20
69.54652	-161.92413	401.85297	2015-06-20
69.564255	-161.97939	399.04565	2015-06-20
69.60187	-161.99821	400.45206	2015-06-20
70.113815	-161.1146	403.0045	2015-06-21
69.81434	-161.60588	402.57935	2015-06-21
69.777626	-161.6565	404.9986	2015-06-21
69.46495	-161.97708	404.82416	2015-06-21
69.00778	-158.32025	396.33893	2015-06-22
69.01024	-158.26012	397.82657	2015-06-22
69.01228	-158.20038	399.3786	2015-06-22
69.013016	-158.17052	398.21072	2015-06-22
69.013596	-158.14069	396.31488	2015-06-22
69.024925	-158.374	398.81555	2015-06-22
69.02632	-158.34409	397.32297	2015-06-22
69.027596	-158.31401	398.9578	2015-06-22
69.02879	-158.28389	398.4956	2015-06-22
69.02987	-158.25403	399.23907	2015-06-22
69.030846	-158.2241	397.22314	2015-06-22
69.03159	-158.19421	397.4227	2015-06-22
69.03217	-158.16437	395.64868	2015-06-22
69.043465	-158.3979	397.63297	2015-06-22
69.04487	-158.36794	396.94092	2015-06-22
69.04614	-158.33784	398.3625	2015-06-22
69.04734	-158.3077	398.26575	2015-06-22
69.04842	-158.27782	396.3269	2015-06-22
69.04941	-158.24786	397.51428	2015-06-22
69.05015	-158.21796	397.80435	2015-06-22
69.05073	-158.18806	397.132	2015-06-22
69.06194	-158.4218	398.90695	2015-06-22
69.06334	-158.39182	396.54807	2015-06-22
69.06461	-158.3617	396.50546	2015-06-22
69.06582	-158.33153	397.65167	2015-06-22
69.066895	-158.30162	397.96005	2015-06-22
69.06788	-158.27164	397.19467	2015-06-22
69.06863	-158.2417	398.85104	2015-06-22
69.069214	-158.21179	397.0581	2015-06-22
69.08038	-158.44574	397.5725	2015-06-22
69.08179	-158.41573	397.75272	2015-06-22
69.08307	-158.38559	397.12466	2015-06-22
69.084274	-158.3554	397.4036	2015-06-22
69.085365	-158.32545	397.5935	2015-06-22
69.08636	-158.29546	398.53622	2015-06-22
69.087105	-158.2655	398.84357	2015-06-22
69.08769	-158.23557	396.89468	2015-06-22
69.09882	-158.46971	396.58328	2015-06-22
69.100235	-158.43968	395.66367	2015-06-22
69.101524	-158.40952	396.1911	2015-06-22
69.10274	-158.37929	396.826	2015-06-22
69.10383	-158.34933	395.62653	2015-06-22
69.10482	-158.3193	396.7315	2015-06-22
69.105576	-158.28932	396.27338	2015-06-22
69.10617	-158.25937	396.39536	2015-06-22
69.11725	-158.49374	396.40277	2015-06-22
69.11867	-158.46368	395.7953	2015-06-22
69.11996	-158.4335	396.77216	2015-06-22
69.12117	-158.40326	398.00885	2015-06-22
69.12227	-158.37328	395.73367	2015-06-22
69.12327	-158.34322	396.19543	2015-06-22
69.12403	-158.31322	397.2075	2015-06-22
69.12463	-158.28323	396.3067	2015-06-22
69.135666	-158.51782	395.81952	2015-06-22
69.13709	-158.48775	396.9082	2015-06-22
69.13839	-158.45752	396.8018	2015-06-22
69.13961	-158.42726	395.20172	2015-06-22
69.14071	-158.39725	395.80884	2015-06-22
69.141716	-158.36717	397.43277	2015-06-22
69.14249	-158.33714	397.37558	2015-06-22
69.14309	-158.30713	396.94992	2015-06-22
69.15408	-158.54193	399.4161	2015-06-22
69.15551	-158.51183	397.55835	2015-06-22
69.156815	-158.48158	396.7074	2015-06-22
69.158035	-158.4513	397.08765	2015-06-22
69.15915	-158.42126	396.9285	2015-06-22
69.16016	-158.39116	396.8123	2015-06-22
69.160934	-158.3611	397.6779	2015-06-22
69.161545	-158.33105	397.19876	2015-06-22
69.1725	-158.56604	396.4372	2015-06-22
69.173935	-158.5359	396.21872	2015-06-22
69.17525	-158.50563	396.2324	2015-06-22
69.176476	-158.4753	397.80258	2015-06-22
69.17759	-158.44524	396.30444	2015-06-22
69.17861	-158.41512	396.0972	2015-06-22
69.17939	-158.38503	396.28885	2015-06-22
69.18001	-158.35497	396.0602	2015-06-22
69.19092	-158.59015	397.05783	2015-06-22
69.19236	-158.55998	396.97397	2015-06-22
69.19367	-158.5297	397.19012	2015-06-22
69.194916	-158.49934	395.50732	2015-06-22
69.19604	-158.46925	397.0388	2015-06-22
69.19706	-158.4391	396.04242	2015-06-22
69.197845	-158.409	396.7851	2015-06-22
69.19846	-158.37889	397.3447	2015-06-22
69.209335	-158.6143	397.30734	2015-06-22
69.21078	-158.58412	396.8374	2015-06-22
69.212105	-158.55379	397.10068	2015-06-22
69.21335	-158.52342	396.95377	2015-06-22
69.21447	-158.49332	396.66956	2015-06-22
69.2155	-158.46312	397.34583	2015-06-22
69.21629	-158.43298	397.73865	2015-06-22
69.21692	-158.40286	396.45428	2015-06-22
69.22774	-158.63847	396.6151	2015-06-22
69.22919	-158.60826	397.02798	2015-06-22
69.230515	-158.57791	397.5346	2015-06-22
69.231766	-158.54752	396.747	2015-06-22
69.232895	-158.51738	395.94287	2015-06-22
69.233925	-158.48717	396.90652	2015-06-22
69.234726	-158.457	396.8325	2015-06-22
69.23536	-158.42686	394.9607	2015-06-22
69.24613	-158.66267	395.81287	2015-06-22
69.250175	-158.57164	395.08102	2015-06-22
69.25131	-158.54147	396.47107	2015-06-22
69.25235	-158.51125	397.91025	2015-06-22
69.25315	-158.48105	396.81888	2015-06-22
69.25379	-158.45088	395.97366	2015-06-22
69.26453	-158.6869	396.99643	2015-06-22
69.26598	-158.65665	395.80664	2015-06-22
69.26733	-158.62625	396.6248	2015-06-22
69.268585	-158.59581	396.43173	2015-06-22
69.26972	-158.56561	397.60196	2015-06-22
69.27078	-158.53537	397.23834	2015-06-22
69.2716	-158.50516	396.8508	2015-06-22
69.28299	-158.71126	396.9399	2015-06-22
69.28447	-158.68098	397.37875	2015-06-22
69.28582	-158.65057	397.68228	2015-06-22
69.287094	-158.6201	397.00876	2015-06-22
69.28825	-158.5899	396.88367	2015-06-22
69.289314	-158.55963	396.03586	2015-06-22
69.29014	-158.5294	396.26492	2015-06-22
69.290794	-158.49919	397.025	2015-06-22
69.30149	-158.73569	395.5051	2015-06-22
69.30297	-158.70538	396.362	2015-06-22
69.30434	-158.67494	396.73825	2015-06-22
69.30562	-158.64445	396.61154	2015-06-22
69.30678	-158.61423	395.84753	2015-06-22
69.307846	-158.58392	396.88913	2015-06-22
69.30867	-158.55367	398.95502	2015-06-22
69.30933	-158.52344	396.19244	2015-06-22
69.31999	-158.76015	396.1908	2015-06-22
69.32148	-158.72983	395.91293	2015-06-22
69.322845	-158.69936	396.11615	2015-06-22
69.324135	-158.66884	396.36765	2015-06-22
69.3253	-158.6386	396.7684	2015-06-22
69.32638	-158.60826	396.73083	2015-06-22
69.32721	-158.57797	396.1331	2015-06-22
69.32789	-158.5477	395.4502	2015-06-22
69.338524	-158.7846	397.0757	2015-06-22
69.34002	-158.75426	396.6064	2015-06-22
69.34139	-158.72375	396.03717	2015-06-22
69.34269	-158.6932	398.19482	2015-06-22
69.34387	-158.66293	395.5905	2015-06-22
69.34495	-158.63257	396.64172	2015-06-22
69.345795	-158.60226	396.8095	2015-06-22
69.34647	-158.57196	396.57736	2015-06-22
69.35706	-158.80908	396.3066	2015-06-22
69.35857	-158.7787	396.0299	2015-06-22
69.35995	-158.74818	396.6749	2015-06-22
69.36125	-158.71762	395.5428	2015-06-22
69.362434	-158.68732	394.82068	2015-06-22
69.363525	-158.65694	395.80637	2015-06-22
69.36437	-158.62659	395.9436	2015-06-22
69.36506	-158.59627	395.89526	2015-06-22
69.37561	-158.8336	396.01346	2015-06-22
69.37711	-158.8032	395.91245	2015-06-22
69.3785	-158.77266	396.1416	2015-06-22
69.37981	-158.74207	396.36624	2015-06-22
69.381	-158.71173	396.23553	2015-06-22
69.38208	-158.68132	396.07718	2015-06-22
69.38292	-158.65097	395.9841	2015-06-22
69.3836	-158.62062	394.84686	2015-06-22
69.39403	-158.8582	395.7838	2015-06-22
69.39553	-158.82777	396.57507	2015-06-22
69.39691	-158.79721	396.19998	2015-06-22
69.39821	-158.76659	394.91623	2015-06-22
69.39939	-158.73624	395.20834	2015-06-22
69.400475	-158.70581	396.9497	2015-06-22
69.40132	-158.67542	396.366	2015-06-22
69.40201	-158.64505	395.6547	2015-06-22
69.4124	-158.88284	396.51654	2015-06-22
69.4139	-158.85239	398.30826	2015-06-22
69.41529	-158.8218	396.62903	2015-06-22
69.416595	-158.79115	396.88556	2015-06-22
69.41778	-158.76077	396.89148	2015-06-22
69.41887	-158.73032	396.10974	2015-06-22
69.41972	-158.6999	395.47513	2015-06-22
69.42041	-158.66951	395.59863	2015-06-22
69.43076	-158.90752	395.875	2015-06-22
69.432274	-158.87704	394.0166	2015-06-22
69.43366	-158.84644	396.8195	2015-06-22
69.434975	-158.81577	396.54196	2015-06-22
69.436165	-158.78535	395.73642	2015-06-22
69.43727	-158.75487	395.89194	2015-06-22
69.43813	-158.72441	398.93842	2015-06-22
69.438835	-158.69398	396.39713	2015-06-22
69.449165	-158.93214	395.28577	2015-06-22
69.45069	-158.90163	395.11487	2015-06-22
69.452095	-158.87099	396.58267	2015-06-22
69.453415	-158.84027	395.63425	2015-06-22
69.45462	-158.80983	395.40607	2015-06-22
69.45573	-158.77931	395.76855	2015-06-22
69.4566	-158.74884	396.5654	2015-06-22
69.4573	-158.71838	397.00015	2015-06-22
69.46759	-158.95676	395.96448	2015-06-22
69.469124	-158.92622	395.81503	2015-06-22
69.47053	-158.89555	395.75278	2015-06-22
69.471855	-158.86482	396.8862	2015-06-22
69.47307	-158.83435	396.28085	2015-06-22
69.47418	-158.80382	396.02945	2015-06-22
69.47505	-158.77332	395.89304	2015-06-22
69.47577	-158.74283	395.87207	2015-06-22
69.486015	-158.98141	395.31592	2015-06-22
69.48755	-158.95085	395.006	2015-06-22
69.48896	-158.92015	396.58902	2015-06-22
69.490295	-158.8894	397.24863	2015-06-22
69.49151	-158.8589	396.61343	2015-06-22
69.49262	-158.82835	396.2229	2015-06-22
69.4935	-158.79782	396.34784	2015-06-22
69.49421	-158.76732	395.77228	2015-06-22
69.50438	-159.00616	396.61826	2015-06-22
69.50591	-158.97559	396.29144	2015-06-22
69.507324	-158.94487	396.04398	2015-06-22
69.50866	-158.9141	397.68945	2015-06-22
69.50987	-158.88358	396.1255	2015-06-22
69.510994	-158.853	396.66025	2015-06-22
69.51187	-158.82245	397.8718	2015-06-22
69.51259	-158.79192	395.92477	2015-06-22
69.52271	-159.03098	396.1515	2015-06-22
69.524254	-159.00037	396.76846	2015-06-22
69.52567	-158.96962	397.116	2015-06-22
69.527016	-158.93883	397.9216	2015-06-22
69.52824	-158.9083	395.85272	2015-06-22
69.52936	-158.87769	397.59503	2015-06-22
69.53024	-158.8471	396.50516	2015-06-22
69.53097	-158.81654	396.07278	2015-06-22
69.541046	-159.05583	396.56168	2015-06-22
69.542595	-159.02519	395.88177	2015-06-22
69.54402	-158.99443	396.95184	2015-06-22
69.545364	-158.96361	396.68484	2015-06-22
69.54659	-158.93304	396.61087	2015-06-22
69.54773	-158.9024	396.8614	2015-06-22
69.54863	-158.8718	396.07825	2015-06-22
69.54936	-158.84122	396.29016	2015-06-22
69.55944	-159.0807	396.46133	2015-06-22
69.561005	-159.05005	396.2297	2015-06-22
69.56244	-159.01924	396.10913	2015-06-22
69.5638	-158.98839	397.15213	2015-06-22
69.56504	-158.9578	397.71658	2015-06-22
69.566185	-158.92714	398.15384	2015-06-22
69.56709	-158.89651	397.27518	2015-06-22
69.56783	-158.86589	396.38666	2015-06-22
69.577866	-159.10559	396.64252	2015-06-22
69.57943	-159.07492	395.87433	2015-06-22
69.58088	-159.0441	397.27493	2015-06-22
69.58224	-159.01321	396.09137	2015-06-22
69.58349	-158.9826	396.9619	2015-06-22
69.58463	-158.9519	396.55313	2015-06-22
69.58555	-158.92125	397.4031	2015-06-22
69.586296	-158.89062	397.40515	2015-06-22
69.59628	-159.13054	395.86066	2015-06-22
69.597855	-159.09984	395.8197	2015-06-22
69.599304	-159.06898	396.8761	2015-06-22
69.60068	-159.03807	398.57306	2015-06-22
69.60193	-159.00743	395.72495	2015-06-22
69.60308	-158.97673	397.1574	2015-06-22
69.60399	-158.94606	396.29065	2015-06-22
69.60474	-158.9154	395.7442	2015-06-22
69.61465	-159.15561	396.61688	2015-06-22
69.61622	-159.1249	396.77963	2015-06-22
69.61766	-159.09402	395.7606	2015-06-22
69.61903	-159.06311	397.12274	2015-06-22
69.620285	-159.03246	397.54065	2015-06-22
69.62144	-159.00172	398.6322	2015-06-22
69.62235	-158.97104	395.79877	2015-06-22
69.62311	-158.94035	397.22858	2015-06-22
69.63297	-159.18077	396.4932	2015-06-22
69.634544	-159.15002	397.2662	2015-06-22
69.636	-159.11914	397.12033	2015-06-22
69.637375	-159.0882	396.7873	2015-06-22
69.63863	-159.05753	396.82776	2015-06-22
69.63979	-159.02676	396.31985	2015-06-22
69.64072	-158.99605	396.67023	2015-06-22
69.64147	-158.96535	395.97232	2015-06-22
69.6513	-159.20598	397.03046	2015-06-22
69.65288	-159.17522	396.95926	2015-06-22
69.654335	-159.14429	399.136	2015-06-22
69.655716	-159.11333	396.96457	2015-06-22
69.65698	-159.08263	396.1916	2015-06-22
69.65816	-159.05185	396.803	2015-06-22
69.659096	-159.0211	396.77658	2015-06-22
69.65987	-158.99039	395.36108	2015-06-22
69.6697	-159.23128	395.2378	2015-06-22
69.671295	-159.20049	397.28183	2015-06-22
69.67277	-159.16954	395.9133	2015-06-22
69.67417	-159.13857	397.75412	2015-06-22
69.675446	-159.10783	396.70752	2015-06-22
69.67663	-159.07703	396.49222	2015-06-22
69.677574	-159.04626	397.00323	2015-06-22
69.67835	-159.01552	395.66174	2015-06-22
69.68813	-159.25662	397.98013	2015-06-22
69.689735	-159.22581	398.0303	2015-06-22
69.69122	-159.19485	395.83612	2015-06-22
69.69263	-159.16383	399.02832	2015-06-22
69.69391	-159.13309	395.96896	2015-06-22
69.6951	-159.10226	397.02493	2015-06-22
69.696045	-159.07147	397.078	2015-06-22
69.69683	-159.04068	395.96475	2015-06-22
69.70657	-159.28201	396.51398	2015-06-22
69.70818	-159.25117	396.57114	2015-06-22
69.70967	-159.2202	397.722	2015-06-22
69.711075	-159.18915	398.0357	2015-06-22
69.712364	-159.15839	397.62347	2015-06-22
69.713554	-159.12753	397.45605	2015-06-22
69.71451	-159.09671	398.10376	2015-06-22
69.715294	-159.0659	396.23373	2015-06-22
69.724976	-159.30746	397.49866	2015-06-22
69.72659	-159.27661	396.08066	2015-06-22
69.72808	-159.24559	395.89163	2015-06-22
69.72949	-159.21454	397.30908	2015-06-22
69.73079	-159.18373	397.71326	2015-06-22
69.73199	-159.15285	397.70566	2015-06-22
69.73294	-159.12201	398.93488	2015-06-22
69.733734	-159.09119	396.2187	2015-06-22
69.74337	-159.33296	399.50354	2015-06-22
69.744995	-159.30208	399.05765	2015-06-22
69.74649	-159.27104	396.40198	2015-06-22
69.7479	-159.23994	399.48795	2015-06-22
69.74921	-159.20912	396.2625	2015-06-22
69.750404	-159.17822	397.5994	2015-06-22
69.75137	-159.14735	397.95377	2015-06-22
69.75217	-159.1165	396.1229	2015-06-22
69.761765	-159.3585	397.95004	2015-06-22
69.76339	-159.32759	397.867	2015-06-22
69.76489	-159.29652	398.29126	2015-06-22
69.76631	-159.26541	397.96576	2015-06-22
69.76762	-159.23456	396.54465	2015-06-22
69.76883	-159.20363	398.83875	2015-06-22
69.769806	-159.17273	398.1145	2015-06-22
69.770615	-159.14185	398.1298	2015-06-22
69.78019	-159.3841	400.63873	2015-06-22
69.78182	-159.35315	397.29544	2015-06-22
69.78333	-159.32207	396.86313	2015-06-22
69.78477	-159.29092	399.32004	2015-06-22
69.78608	-159.26004	396.12216	2015-06-22
69.7873	-159.2291	399.49542	2015-06-22
69.78828	-159.19817	397.75726	2015-06-22
69.78909	-159.16727	395.65842	2015-06-22
69.79862	-159.40973	399.14432	2015-06-22
69.80026	-159.37875	398.05142	2015-06-22
69.80178	-159.34764	397.13028	2015-06-22
69.80322	-159.31648	397.9329	2015-06-22
69.80454	-159.28558	398.1534	2015-06-22
69.80577	-159.2546	397.228	2015-06-22
69.806755	-159.22365	398.29758	2015-06-22
69.80758	-159.19272	396.57922	2015-06-22
69.81706	-159.4354	398.22897	2015-06-22
69.8187	-159.4044	395.96835	2015-06-22
69.82023	-159.37328	397.76334	2015-06-22
69.82168	-159.34209	398.22418	2015-06-22
69.823	-159.31116	396.8149	2015-06-22
69.82423	-159.28014	396.8196	2015-06-22
69.82521	-159.24915	400.52036	2015-06-22
69.826035	-159.21815	396.5457	2015-06-22
69.83544	-159.46097	396.7748	2015-06-22
69.83709	-159.42993	397.2271	2015-06-22
69.838615	-159.39876	396.3524	2015-06-22
69.840065	-159.36752	399.10593	2015-06-22
69.841385	-159.33655	396.9075	2015-06-22
69.84262	-159.3055	397.06204	2015-06-22
69.84361	-159.27448	397.06485	2015-06-22
69.84444	-159.24347	396.5971	2015-06-22
69.853806	-159.48651	398.5761	2015-06-22
69.85545	-159.45544	396.49997	2015-06-22
69.85844	-159.39297	398.3462	2015-06-22
69.85977	-159.36198	396.59573	2015-06-22
69.86101	-159.3309	397.98752	2015-06-22
69.86201	-159.29987	396.4367	2015-06-22
69.86284	-159.26883	397.5896	2015-06-22
69.872154	-159.51208	399.9267	2015-06-22
69.87382	-159.481	396.28812	2015-06-22
69.87535	-159.44977	398.63232	2015-06-22
69.87681	-159.41849	399.72076	2015-06-22
69.87815	-159.38745	397.89285	2015-06-22
69.879395	-159.35634	398.02567	2015-06-22
69.8804	-159.32526	398.7191	2015-06-22
69.88124	-159.29419	396.73395	2015-06-22
69.890526	-159.5376	396.77	2015-06-22
69.89219	-159.50648	399.84653	2015-06-22
69.89374	-159.4752	398.03937	2015-06-22
69.8952	-159.44388	397.87515	2015-06-22
69.896545	-159.41283	397.22974	2015-06-22
69.8978	-159.38168	397.28442	2015-06-22
69.89881	-159.35057	399.7471	2015-06-22
69.89966	-159.31947	398.09442	2015-06-22
69.9089	-159.56311	399.854	2015-06-22
69.91057	-159.53197	396.34152	2015-06-22
69.912125	-159.50067	398.92267	2015-06-22
69.9136	-159.46931	397.19028	2015-06-22
69.91495	-159.43823	397.88867	2015-06-22
69.9162	-159.40706	397.02603	2015-06-22
69.91722	-159.37592	398.0744	2015-06-22
69.918076	-159.34479	396.59793	2015-06-22
69.92727	-159.58865	396.85843	2015-06-22
69.92895	-159.5575	398.94208	2015-06-22
69.930504	-159.52617	397.03952	2015-06-22
69.931984	-159.49478	398.77197	2015-06-22
69.93334	-159.46367	399.3621	2015-06-22
69.9346	-159.43248	397.76608	2015-06-22
69.93562	-159.4013	397.8176	2015-06-22
69.936485	-159.37016	396.3394	2015-06-22
69.94563	-159.61424	398.07828	2015-06-22
69.94731	-159.58305	399.2844	2015-06-22
69.948875	-159.5517	398.96207	2015-06-22
69.95036	-159.5203	399.23392	2015-06-22
69.95172	-159.48915	397.6366	2015-06-22
69.95299	-159.45793	396.05283	2015-06-22
69.95402	-159.42674	398.05826	2015-06-22
69.95489	-159.39557	395.90717	2015-06-22
69.96399	-159.63988	396.10605	2015-06-22
69.965675	-159.60866	397.3281	2015-06-22
69.96725	-159.57727	398.04874	2015-06-22
69.968735	-159.54584	398.40378	2015-06-22
69.9701	-159.51468	398.96625	2015-06-22
69.971375	-159.48343	398.42053	2015-06-22
69.97241	-159.45221	400.40582	2015-06-22
69.97328	-159.421	396.8752	2015-06-22
69.982346	-159.66554	396.89355	2015-06-22
69.98561	-159.60289	397.2832	2015-06-22
69.98711	-159.57144	399.00464	2015-06-22
69.98848	-159.54024	396.15558	2015-06-22
69.98975	-159.50897	397.53174	2015-06-22
69.99079	-159.47772	398.16574	2015-06-22
69.99166	-159.44649	396.04388	2015-06-22
70.00063	-159.69124	397.25537	2015-06-22
70.00233	-159.65996	398.6056	2015-06-22
70.00391	-159.62854	399.9553	2015-06-22
70.005394	-159.59705	398.39493	2015-06-22
70.00677	-159.56583	397.45697	2015-06-22
70.00805	-159.53453	397.83734	2015-06-22
70.00909	-159.50325	397.32898	2015-06-22
70.009964	-159.47198	397.05588	2015-06-22
70.0189	-159.71696	396.54227	2015-06-22
70.0206	-159.68567	396.14426	2015-06-22
70.02218	-159.65422	396.346	2015-06-22
70.023674	-159.62271	399.36398	2015-06-22
70.025055	-159.59146	398.36966	2015-06-22
70.026344	-159.56013	396.7586	2015-06-22
70.02739	-159.52882	397.3625	2015-06-22
70.02827	-159.49754	398.37006	2015-06-22
70.037155	-159.74275	397.165	2015-06-22
70.038864	-159.71143	398.71222	2015-06-22
70.04044	-159.67993	397.04205	2015-06-22
70.041954	-159.6484	397.7893	2015-06-22
70.04334	-159.61713	396.70172	2015-06-22
70.04463	-159.58578	397.57623	2015-06-22
70.045685	-159.55447	396.82993	2015-06-22
70.04657	-159.52316	396.06003	2015-06-22
70.05543	-159.76866	397.0085	2015-06-22
70.057144	-159.73732	395.4201	2015-06-22
70.05873	-159.70583	400.06915	2015-06-22
70.06025	-159.67427	398.36176	2015-06-22
70.06164	-159.64299	395.9789	2015-06-22
70.063995	-159.58028	399.68655	2015-06-22
70.064896	-159.54895	396.70987	2015-06-22
70.0737	-159.79466	400.65833	2015-06-22
70.075424	-159.7633	397.04678	2015-06-22
70.07702	-159.73178	399.07147	2015-06-22
70.07854	-159.7002	397.4316	2015-06-22
70.07994	-159.66888	396.57553	2015-06-22
70.081245	-159.6375	397.54156	2015-06-22
70.082306	-159.60612	399.89005	2015-06-22
70.083206	-159.57477	397.13672	2015-06-22
70.09197	-159.82072	399.57547	2015-06-22
70.0937	-159.78932	399.29834	2015-06-22
70.09531	-159.75778	399.10532	2015-06-22
70.09683	-159.72618	399.76056	2015-06-22
70.10062	-159.63202	397.16736	2015-06-22
70.11025	-159.8468	399.07562	2015-06-22
70.111984	-159.81538	398.07373	2015-06-22
70.113594	-159.78381	399.25452	2015-06-22
70.11513	-159.75218	398.40402	2015-06-22
70.11654	-159.72081	398.24353	2015-06-22
70.12853	-159.87292	398.25684	2015-06-22
70.13027	-159.84148	397.45276	2015-06-22
70.13189	-159.80988	399.34985	2015-06-22
70.13342	-159.77821	399.2545	2015-06-22
70.13484	-159.74683	397.2496	2015-06-22
70.13617	-159.71535	398.6975	2015-06-22
70.146805	-159.89908	397.58743	2015-06-22
70.14855	-159.86761	398.83932	2015-06-22
70.15018	-159.83598	397.0497	2015-06-22
70.15172	-159.8043	399.38757	2015-06-22
70.153145	-159.77289	397.09125	2015-06-22
70.15448	-159.74138	400.33386	2015-06-22
70.16517	-159.9253	399.1275	2015-06-22
70.16693	-159.8938	398.41455	2015-06-22
70.17013	-159.83043	398.42615	2015-06-22
70.17157	-159.79898	397.7417	2015-06-22
70.17292	-159.76746	397.80817	2015-06-22
70.174965	-159.70445	398.10638	2015-06-22
70.18357	-159.95155	397.72214	2015-06-22
70.18533	-159.92003	398.46045	2015-06-22
70.18698	-159.88835	398.84012	2015-06-22
70.18855	-159.85661	398.51538	2015-06-22
70.189995	-159.82513	399.53055	2015-06-22
70.193405	-159.73053	397.74805	2015-06-22
70.201965	-159.97784	398.139	2015-06-22
70.20374	-159.9463	396.71002	2015-06-22
70.20539	-159.9146	397.1544	2015-06-22
70.20696	-159.88283	398.27777	2015-06-22
70.20842	-159.85133	396.83823	2015-06-22
70.20977	-159.81975	397.63144	2015-06-22
70.21183	-159.75665	394.41895	2015-06-22
70.2203	-160.00423	397.62918	2015-06-22
70.22207	-159.97266	396.6611	2015-06-22
70.223724	-159.94092	399.0766	2015-06-22
70.225296	-159.90913	399.3802	2015-06-22
70.226746	-159.87761	397.4921	2015-06-22
70.24038	-159.99905	399.23276	2015-06-22
70.242035	-159.9673	398.59323	2015-06-22
70.24507	-159.90395	399.47455	2015-06-22
70.24644	-159.87231	398.05804	2015-06-22
70.24851	-159.8091	399.16998	2015-06-22
70.2569	-160.05714	398.5188	2015-06-22
70.25868	-160.02551	396.34903	2015-06-22
70.260345	-159.99373	398.1071	2015-06-22
70.26339	-159.93031	398.13925	2015-06-22
70.275185	-160.08371	398.09238	2015-06-22
70.27697	-160.05206	398.70276	2015-06-22
70.27864	-160.02026	398.5681	2015-06-22
70.28023	-159.9884	399.27777	2015-06-22
70.2817	-159.9568	399.09012	2015-06-22
70.28307	-159.92513	400.39328	2015-06-22
70.29346	-160.11035	398.50006	2015-06-22
70.29526	-160.07867	398.40656	2015-06-22
70.299995	-159.98334	395.41364	2015-06-22
70.30138	-159.95163	397.75742	2015-06-22
70.31681	-160.04156	399.6372	2015-06-22
70.31829	-160.00992	396.5796	2015-06-22
70.31967	-159.9782	397.81894	2015-06-22
70.32997	-160.1639	400.5365	2015-06-22
70.33793	-160.00497	399.61157	2015-06-22
70.33908	-159.97325	399.92725	2015-06-22
70.340065	-159.94154	400.7221	2015-06-22
70.34819	-160.19084	397.74683	2015-06-22
70.35	-160.15912	400.68765	2015-06-22
70.36641	-160.21785	397.33078	2015-06-22
70.37154	-160.1222	400.9073	2015-06-22
70.37303	-160.09047	403.31958	2015-06-22
70.37443	-160.05867	401.79468	2015-06-22
70.38461	-160.2448	397.2143	2015-06-22
70.389755	-160.14903	398.79037	2015-06-22
70.39125	-160.11728	398.3161	2015-06-22
70.39382	-160.05363	403.3737	2015-06-22
70.40281	-160.27176	395.58643	2015-06-22
70.41088	-160.11227	395.882	2015-06-22
70.412056	-160.08043	397.75378	2015-06-22
70.41306	-160.04858	397.59222	2015-06-22
70.421	-160.29877	399.37354	2015-06-22
70.42284	-160.26692	399.2691	2015-06-22
70.424545	-160.23491	398.81885	2015-06-22
70.42618	-160.20284	400.5945	2015-06-22
70.42769	-160.17104	400.23972	2015-06-22
70.43028	-160.10727	398.27753	2015-06-22
70.4313	-160.0754	397.2183	2015-06-22
70.441025	-160.29395	400.56488	2015-06-22
70.44274	-160.2619	399.81726	2015-06-22
70.44438	-160.22981	400.018	2015-06-22
70.4459	-160.19798	399.6819	2015-06-22
70.449524	-160.10226	397.9245	2015-06-22
70.46093	-160.28896	399.38327	2015-06-22
70.46258	-160.25682	399.42917	2015-06-22
70.4641	-160.22498	397.41425	2015-06-22
70.46553	-160.19302	398.1256	2015-06-22
70.46672	-160.1611	397.707	2015-06-22
70.46774	-160.12918	396.1065	2015-06-22
70.47912	-160.31604	396.73514	2015-06-22
70.480774	-160.28389	395.27377	2015-06-22
70.4823	-160.252	396.8747	2015-06-22
70.48374	-160.22002	397.29626	2015-06-22
70.48495	-160.18805	402.2879	2015-06-22
70.485985	-160.1561	399.59976	2015-06-22
70.499054	-160.31085	396.93573	2015-06-22
70.500595	-160.27893	395.18115	2015-06-22
70.50325	-160.21494	398.36957	2015-06-22
70.504295	-160.18294	396.96042	2015-06-22
70.52155	-160.24185	399.83566	2015-06-22
70.522606	-160.20982	395.45853	2015-06-22
70.520836	-152.51852	401.99753	2015-06-23
70.48599	-152.29672	401.72995	2015-06-23
70.54097	-152.5038	402.36835	2015-06-23
70.55655	-152.5337	400.51715	2015-06-23
70.54499	-152.45938	401.33267	2015-06-23
70.587616	-152.59386	402.031	2015-06-23
70.57923	-152.47554	406.7071	2015-06-23
70.61293	-152.61653	401.48425	2015-06-23
70.5948	-152.50536	405.57455	2015-06-23
70.61942	-152.5282	403.6634	2015-06-23
70.64782	-152.63213	400.1817	2015-06-23
70.869705	-153.09645	400.736	2015-06-23
70.60881	-154.05193	398.1049	2015-06-30
70.61802	-154.04478	396.97424	2015-06-30
71.07917	-155.0983	398.41074	2015-06-30
71.068275	-155.01987	398.22015	2015-06-30
71.29234	-155.54425	383.44305	2015-06-30
