-3.482166	-61.087032	390.79987	2015-06-04
-2.8684719	-59.852028	400.90582	2015-06-20
-2.8739183	-59.861267	402.9138	2015-06-20
-2.833571	-59.86988	407.21973	2015-06-20
-2.8134394	-59.87416	398.93338	2015-06-20
-2.732753	-59.819847	405.2673	2015-06-20
-2.3330727	-59.944794	402.1502	2015-06-20
-2.3388472	-59.95376	401.69073	2015-06-20
-2.3129172	-59.94903	402.1416	2015-06-20
-2.2869487	-59.944412	404.1349	2015-06-20
-2.2927792	-59.953297	402.23892	2015-06-20
-2.29856	-59.962257	400.84518	2015-06-20
-2.2726412	-59.957558	403.48672	2015-06-20
-2.2784243	-59.96652	401.39386	2015-06-20
-2.2840438	-59.97561	400.13278	2015-06-20
-2.258289	-59.970795	404.4027	2015-06-20
-2.0676608	-59.960697	398.26337	2015-06-20
-2.0917537	-59.995823	401.27353	2015-06-20
-2.0476506	-59.964912	401.42953	2015-06-20
-2.053797	-59.973553	405.7143	2015-06-20
-3.5861533	-59.44	401.86237	2015-06-29
-3.5857716	-59.453247	402.50015	2015-06-29
-3.5852754	-59.466564	403.5446	2015-06-29
-3.5677176	-59.430553	401.75006	2015-06-29
-3.5674758	-59.44387	402.45557	2015-06-29
-3.5671182	-59.4571	401.62396	2015-06-29
-3.5666566	-59.470394	396.25858	2015-06-29
-3.5463681	-59.500988	403.06985	2015-06-29
-3.3450212	-59.44995	397.60684	2015-06-29
-3.3451176	-59.46306	395.93256	2015-06-29
-3.3265297	-59.45375	397.72308	2015-06-29
-3.3265843	-59.46689	397.92245	2015-06-29
-3.3265717	-59.480064	397.07922	2015-06-29
-3.3264022	-59.493336	397.50378	2015-06-29
-3.3260863	-59.506546	396.2222	2015-06-29
-3.3256574	-59.519825	401.21265	2015-06-29
-3.3249936	-59.533134	399.6574	2015-06-29
-3.307978	-59.457596	401.04013	2015-06-29
-3.3078802	-59.49717	399.22284	2015-06-29
-3.3075438	-59.5104	400.7476	2015-06-29
-3.3071039	-59.52369	400.94064	2015-06-29
-3.3064291	-59.53701	400.8661	2015-06-29
-3.3055928	-59.55037	404.17334	2015-06-29
-3.289514	-59.474586	401.88712	2015-06-29
-3.2894394	-59.487816	401.03674	2015-06-29
-3.2889755	-59.51429	401.44077	2015-06-29
-3.2878866	-59.540882	400.12045	2015-06-29
-3.270961	-59.478462	401.14264	2015-06-29
-3.2708993	-59.49168	397.57602	2015-06-29
-3.2704246	-59.518166	400.11945	2015-06-29
-3.2700286	-59.53142	399.42297	2015-06-29
-3.2693524	-59.544746	399.013	2015-06-29
-3.2524083	-59.482346	399.42914	2015-06-29
-3.252428	-59.495506	400.15298	2015-06-29
-3.2522736	-59.508778	396.04913	2015-06-29
-3.2519994	-59.52196	397.938	2015-06-29
-3.25091	-59.54857	398.45828	2015-06-29
-3.2501178	-59.561897	399.51678	2015-06-29
-3.2339184	-59.473038	399.6514	2015-06-29
-3.2340453	-59.48613	403.7946	2015-06-29
-3.2340596	-59.499294	398.96524	2015-06-29
-3.233611	-59.52577	400.90103	2015-06-29
-3.2325382	-59.55236	400.17487	2015-06-29
-3.2317588	-59.565678	399.57162	2015-06-29
-3.2156634	-59.5031	401.47443	2015-06-29
-3.215498	-59.51638	401.84378	2015-06-29
-3.2152042	-59.529583	399.52478	2015-06-29
-3.214843	-59.54282	401.24908	2015-06-29
-3.1964812	-59.546654	401.73093	2015-06-29
-3.1950562	-59.573296	398.66922	2015-06-29
-3.1789782	-59.497578	399.8459	2015-06-29
-3.1788294	-59.52404	398.57422	2015-06-29
-3.1782002	-59.550476	398.99677	2015-06-29
-3.160541	-59.488323	398.3108	2015-06-29
-3.1606724	-59.50142	398.36682	2015-06-29
-3.160697	-59.514584	396.65134	2015-06-29
-3.1602712	-59.541058	399.595	2015-06-29
-3.159275	-59.56761	399.22043	2015-06-29
-3.1585248	-59.58092	399.116	2015-06-29
-3.1423223	-59.51845	400.62497	2015-06-29
-3.1421587	-59.53173	399.7914	2015-06-29
-3.1418843	-59.544918	399.79147	2015-06-29
-3.1401196	-59.584766	401.7585	2015-06-29
-3.1237605	-59.49601	399.30905	2015-06-29
-3.1238685	-59.509117	400.62265	2015-06-29
-3.1238549	-59.522305	399.29752	2015-06-29
-3.1237657	-59.535522	398.1648	2015-06-29
-3.1234827	-59.548717	398.85107	2015-06-29
-3.1231081	-59.561966	400.29324	2015-06-29
-3.1224575	-59.57528	400.8796	2015-06-29
-3.1055863	-59.51282	397.93646	2015-06-29
-3.1055522	-59.526024	398.93036	2015-06-29
-3.1046622	-59.565804	399.96765	2015-06-29
-3.1032305	-59.592438	400.50818	2015-06-29
-3.0869343	-59.50362	400.23297	2015-06-29
-3.0871727	-59.51662	400.6987	2015-06-29
-3.087112	-59.529835	398.97067	2015-06-29
-3.087023	-59.543053	401.79156	2015-06-29
-3.0867522	-59.55623	398.5922	2015-06-29
-3.0855746	-59.5829	400.57022	2015-06-29
-3.0685313	-59.507347	402.10876	2015-06-29
-3.0686092	-59.53364	401.10275	2015-06-29
-3.0685	-59.54687	396.93362	2015-06-29
-3.0682092	-59.560066	398.6448	2015-06-29
-3.0678031	-59.573334	401.20477	2015-06-29
-3.0671096	-59.586678	400.5161	2015-06-29
-3.0663257	-59.6	400.07925	2015-06-29
-3.0499618	-59.511204	400.81525	2015-06-29
-3.0501242	-59.52426	402.28107	2015-06-29
-3.0501413	-59.53742	402.17947	2015-06-29
-3.049965	-59.5507	397.09946	2015-06-29
-3.0497246	-59.563858	399.30826	2015-06-29
-3.0493693	-59.577084	398.00446	2015-06-29
-3.0486794	-59.590424	399.75946	2015-06-29
-3.0479875	-59.603672	396.695	2015-06-29
-3.031608	-59.52806	401.57217	2015-06-29
-3.031653	-59.54119	402.13135	2015-06-29
-3.0315518	-59.55441	398.49664	2015-06-29
-3.031304	-59.567562	401.19986	2015-06-29
-3.0302207	-59.594147	399.43655	2015-06-29
-3.0294745	-59.60743	400.1274	2015-06-29
-3.0121114	-59.58477	400.68634	2015-06-29
-2.9940355	-59.522762	399.46933	2015-06-29
-2.9936533	-59.588455	401.5622	2015-06-29
-2.9754498	-59.52655	391.9599	2015-06-29
-2.9756231	-59.565914	399.80344	2015-06-29
-2.9753532	-59.57909	397.09058	2015-06-29
-2.9735644	-59.618946	404.8485	2015-06-29
-2.9567637	-59.530464	397.1559	2015-06-29
-2.956634	-59.583035	400.48865	2015-06-29
-2.9384124	-59.573616	399.11224	2015-06-29
-2.938132	-59.586803	401.12024	2015-06-29
-2.919762	-59.564342	403.75763	2015-06-29
-2.6969233	-59.61094	402.37216	2015-06-29
-1.9369277	-59.83383	398.2637	2015-06-29
-1.9193814	-59.772076	401.50177	2015-06-29
-1.9194171	-59.78522	391.00775	2015-06-29
-1.9192306	-59.79837	397.46695	2015-06-29
-1.9191895	-59.811386	402.4238	2015-06-29
-1.9188318	-59.8245	402.52005	2015-06-29
-1.9001058	-59.750015	401.74466	2015-06-29
-1.9004672	-59.762943	404.89285	2015-06-29
-1.900403	-59.776196	404.25497	2015-06-29
-1.9006344	-59.78919	398.41125	2015-06-29
-1.9004434	-59.815327	401.54575	2015-06-29
-1.9000813	-59.828445	399.583	2015-06-29
-1.8815442	-59.767017	400.35544	2015-06-29
-1.8817133	-59.780087	402.51047	2015-06-29
-1.8820198	-59.79302	403.01285	2015-06-29
-1.8624492	-59.758015	402.17694	2015-06-29
-1.8628716	-59.770905	402.4255	2015-06-29
-1.8631065	-59.783928	402.8547	2015-06-29
-1.8632075	-59.797035	402.55908	2015-06-29
-1.86323	-59.810028	402.60495	2015-06-29
-1.8630587	-59.82316	403.26385	2015-06-29
-1.8439502	-59.76184	401.44843	2015-06-29
-1.8443251	-59.77477	402.41864	2015-06-29
-1.8445888	-59.78777	401.49017	2015-06-29
-1.8446347	-59.813934	401.8583	2015-06-29
-1.8445177	-59.82702	402.693	2015-06-29
-1.8254166	-59.765694	401.29282	2015-06-29
-1.8261616	-59.80473	402.30164	2015-06-29
-1.8259678	-59.830887	403.52832	2015-06-29
-1.8255892	-59.844032	403.47607	2015-06-29
-1.8073975	-59.795555	403.1585	2015-06-29
-1.8075005	-59.821663	399.86957	2015-06-29
-1.8073783	-59.834747	402.4332	2015-06-29
-1.8070756	-59.847824	402.3283	2015-06-29
-1.8064544	-59.861073	398.9996	2015-06-29
-1.7880301	-59.77356	399.37415	2015-06-29
-1.7885303	-59.786385	403.03925	2015-06-29
-1.7887417	-59.799423	401.94498	2015-06-29
-1.7888446	-59.812523	399.30298	2015-06-29
-1.7887253	-59.838615	402.82654	2015-06-29
-1.7883925	-59.851715	398.5053	2015-06-29
-1.7697942	-59.79031	395.73923	2015-06-29
-1.750474	-59.87272	399.90457	2015-06-29
-1.7321955	-59.78509	398.47293	2015-06-29
-1.731945	-59.87653	398.9964	2015-06-29
-1.7142992	-59.81483	396.61398	2015-06-29
-1.7145678	-59.827805	390.8419	2015-06-29
-1.714511	-59.840862	394.96536	2015-06-29
-1.6954601	-59.80565	401.1625	2015-06-29
-1.6957617	-59.857788	399.90262	2015-06-29
-1.695424	-59.87089	400.1203	2015-06-29
-1.6767678	-59.80947	398.93015	2015-06-29
-1.6577989	-59.80029	394.96317	2015-06-29
-1.6581744	-59.81321	399.39645	2015-06-29
-1.6583374	-59.826286	393.4856	2015-06-29
-1.6394619	-59.817074	398.37762	2015-06-29
-1.6396301	-59.830166	398.40622	2015-06-29
-1.6399616	-59.85612	397.4843	2015-06-29
-1.6398251	-59.869236	398.80533	2015-06-29
-1.6027861	-59.837765	395.61496	2015-06-29
-1.6022097	-59.90308	399.50754	2015-06-29
