34.84492	-98.12096	394.94873	2015-06-02
34.813927	-98.11909	397.79895	2015-06-02
34.884064	-98.128555	396.8961	2015-06-02
34.87377	-98.12755	395.68192	2015-06-02
34.89225	-98.13332	398.5725	2015-06-02
34.88191	-98.13244	397.66235	2015-06-02
34.87153	-98.131676	396.41858	2015-06-02
34.861233	-98.13104	396.0179	2015-06-02
34.830112	-98.13027	395.358	2015-06-02
34.910748	-98.13909	396.91068	2015-06-02
34.89001	-98.13744	398.56848	2015-06-02
34.879715	-98.13681	397.3674	2015-06-02
34.848583	-98.13602	399.95013	2015-06-02
34.92925	-98.14485	400.04282	2015-06-02
34.91892	-98.14392	397.93137	2015-06-02
34.90853	-98.14315	398.19437	2015-06-02
34.89822	-98.14253	400.14725	2015-06-02
34.87748	-98.14179	397.8984	2015-06-02
34.95795	-98.15183	398.35712	2015-06-02
34.93738	-98.14974	400.04803	2015-06-02
34.927036	-98.14888	400.537	2015-06-02
34.91672	-98.148254	398.5246	2015-06-02
34.90637	-98.147736	399.43356	2015-06-02
34.89598	-98.14749	400.17252	2015-06-02
34.885586	-98.14741	399.83087	2015-06-02
34.95585	-98.15557	398.78604	2015-06-02
34.945496	-98.15471	398.55936	2015-06-02
34.935215	-98.154015	400.25992	2015-06-02
34.9249	-98.15341	399.82858	2015-06-02
34.914513	-98.15317	399.39218	2015-06-02
34.9041	-98.15309	400.66736	2015-06-02
34.963978	-98.1605	397.01382	2015-06-02
34.943367	-98.1592	401.36157	2015-06-02
34.93303	-98.15886	398.62985	2015-06-02
34.951496	-98.164635	400.98965	2015-06-02
34.94113	-98.16446	403.2562	2015-06-02
34.959587	-98.17025	397.75876	2015-06-02
35.08736	-98.19263	396.40326	2015-06-02
35.056446	-98.18946	396.3038	2015-06-02
35.105873	-98.1985	402.7081	2015-06-02
35.09561	-98.19732	399.9006	2015-06-02
35.085274	-98.196304	396.8892	2015-06-02
35.064674	-98.19454	397.88843	2015-06-02
35.124393	-98.20437	401.36353	2015-06-02
35.11414	-98.203156	401.10263	2015-06-02
35.103794	-98.20214	399.618	2015-06-02
35.093433	-98.20121	397.39478	2015-06-02
35.062458	-98.19939	397.384	2015-06-02
35.142967	-98.21013	399.93515	2015-06-02
35.1327	-98.20893	401.05646	2015-06-02
35.12232	-98.20797	400.59674	2015-06-02
35.11197	-98.20701	400.27185	2015-06-02
35.101665	-98.206245	398.62747	2015-06-02
35.091335	-98.205574	395.857	2015-06-02
35.140877	-98.21373	399.13257	2015-06-02
35.1305	-98.21281	400.90073	2015-06-02
35.109867	-98.21135	398.65485	2015-06-02
35.089115	-98.21071	394.5456	2015-06-02
35.128387	-98.21714	401.8833	2015-06-02
35.11802	-98.21673	400.0474	2015-06-02
35.12613	-98.22234	399.20343	2015-06-02
35.733932	-98.39961	401.2697	2015-06-02
35.7318	-98.40246	402.356	2015-06-02
35.721516	-98.40101	399.74924	2015-06-02
35.739845	-98.40704	401.43387	2015-06-02
35.729588	-98.40581	402.90546	2015-06-02
35.737663	-98.41062	401.10864	2015-06-02
36.194702	-98.54871	401.12338	2015-06-02
36.2132	-98.55464	400.16696	2015-06-02
36.20295	-98.55278	400.96097	2015-06-02
36.192646	-98.55103	399.97247	2015-06-02
36.200783	-98.555336	400.20993	2015-06-02
36.25005	-98.566795	400.66864	2015-06-02
36.239857	-98.56482	400.26276	2015-06-02
36.229595	-98.56299	400.26962	2015-06-02
36.219337	-98.56121	400.5243	2015-06-02
36.26848	-98.5729	403.28693	2015-06-02
36.248035	-98.56905	400.56656	2015-06-02
36.237747	-98.567314	400.6033	2015-06-02
36.227512	-98.56575	401.4402	2015-06-02
36.206882	-98.56316	400.5306	2015-06-02
36.196472	-98.56225	399.56003	2015-06-02
36.28689	-98.57904	404.57532	2015-06-02
36.26646	-98.57514	402.1953	2015-06-02
36.256165	-98.573395	401.14142	2015-06-02
36.305313	-98.58517	404.75565	2015-06-02
36.295124	-98.58315	404.66144	2015-06-02
36.27456	-98.579544	404.5821	2015-06-02
36.26436	-98.57791	402.90128	2015-06-02
36.254044	-98.576485	402.33466	2015-06-02
36.243717	-98.575294	400.95035	2015-06-02
36.233383	-98.57424	400.95236	2015-06-02
36.313545	-98.58928	403.80096	2015-06-02
36.303276	-98.58742	404.10443	2015-06-02
36.292965	-98.58568	404.74744	2015-06-02
36.282734	-98.584076	405.26102	2015-06-02
36.272453	-98.58259	404.80753	2015-06-02
36.251778	-98.580345	402.44528	2015-06-02
36.321716	-98.593506	405.59985	2015-06-02
36.30116	-98.59017	403.24585	2015-06-02
36.29086	-98.588684	405.38248	2015-06-02
36.280544	-98.58744	404.76807	2015-06-02
36.309265	-98.594666	405.48303	2015-06-02
36.32769	-98.60062	404.89124	2015-06-02
36.317345	-98.5994	404.23837	2015-06-02
36.30696	-98.59836	403.3455	2015-06-02
36.32538	-98.604324	406.75552	2015-06-02
36.343773	-98.61041	405.3373	2015-06-02
36.485336	-98.6509	400.6303	2015-06-02
36.493507	-98.65539	401.6496	2015-06-02
34.52254	-97.796974	399.25018	2015-06-09
34.562588	-97.808334	399.98788	2015-06-09
34.554523	-97.80155	397.32477	2015-06-09
34.546356	-97.79487	397.6341	2015-06-09
34.538143	-97.78826	388.8263	2015-06-09
34.582607	-97.81401	398.08704	2015-06-09
34.574543	-97.80721	397.92474	2015-06-09
34.56638	-97.80052	401.53305	2015-06-09
34.602573	-97.81968	400.1239	2015-06-09
34.594517	-97.812874	399.28394	2015-06-09
34.586357	-97.80617	398.65424	2015-06-09
34.5449	-97.77457	399.39584	2015-06-09
34.622543	-97.825356	395.42276	2015-06-09
34.61449	-97.81853	394.89655	2015-06-09
34.60634	-97.81181	400.1949	2015-06-09
34.598137	-97.80517	399.32812	2015-06-09
34.642513	-97.83103	397.58243	2015-06-09
34.63447	-97.824196	398.79495	2015-06-09
34.626328	-97.81747	397.17422	2015-06-09
34.618134	-97.810814	398.6956	2015-06-09
34.609962	-97.804344	398.4666	2015-06-09
34.601723	-97.79794	396.99088	2015-06-09
34.66252	-97.836754	401.63953	2015-06-09
34.654484	-97.82991	400.38403	2015-06-09
34.646347	-97.82317	399.07666	2015-06-09
34.63816	-97.816505	399.86563	2015-06-09
34.621758	-97.803604	401.2072	2015-06-09
34.61341	-97.797424	398.1998	2015-06-09
34.604984	-97.791405	396.4506	2015-06-09
34.6745	-97.835625	392.6162	2015-06-09
34.666367	-97.82887	398.3737	2015-06-09
34.658184	-97.8222	395.59506	2015-06-09
34.650024	-97.81569	397.058	2015-06-09
34.62503	-97.797035	399.08868	2015-06-09
34.702538	-97.84822	394.33075	2015-06-09
34.69451	-97.841354	390.85266	2015-06-09
34.686386	-97.83459	390.71283	2015-06-09
34.67821	-97.8279	395.22067	2015-06-09
34.670055	-97.821396	396.875	2015-06-09
34.66183	-97.81496	398.00296	2015-06-09
34.653492	-97.80876	397.91187	2015-06-09
34.645077	-97.80272	399.1121	2015-06-09
34.722546	-97.85401	399.74127	2015-06-09
34.714523	-97.84713	397.74893	2015-06-09
34.706406	-97.840355	398.7538	2015-06-09
34.698235	-97.83366	400.52884	2015-06-09
34.690083	-97.82713	400.46887	2015-06-09
34.681866	-97.82069	397.3385	2015-06-09
34.673534	-97.814476	397.6237	2015-06-09
34.665123	-97.80842	399.9945	2015-06-09
34.734535	-97.85291	398.5382	2015-06-09
34.72642	-97.84612	398.16483	2015-06-09
34.718258	-97.83941	396.6648	2015-06-09
34.710114	-97.83287	399.63324	2015-06-09
34.7019	-97.826416	399.02777	2015-06-09
34.693573	-97.82019	398.939	2015-06-09
34.685165	-97.81412	398.34845	2015-06-09
34.721924	-97.83211	397.724	2015-06-09
34.7136	-97.82587	399.1672	2015-06-09
34.705196	-97.81978	399.18237	2015-06-09
34.741936	-97.837776	398.2944	2015-06-09
34.733616	-97.83152	398.16766	2015-06-09
34.72522	-97.825424	399.13058	2015-06-09
34.802525	-97.87705	393.40204	2015-06-09
34.82251	-97.88278	396.35413	2015-06-09
34.806423	-97.86898	396.06018	2015-06-09
34.79828	-97.862206	392.71915	2015-06-09
34.790154	-97.85561	395.97794	2015-06-09
34.781963	-97.84909	396.53998	2015-06-09
34.773655	-97.842804	399.94934	2015-06-09
34.76527	-97.83667	399.8478	2015-06-09
34.8425	-97.888466	398.95334	2015-06-09
34.83451	-97.8815	399.4441	2015-06-09
34.818287	-97.86785	394.3191	2015-06-09
34.81017	-97.861244	399.08942	2015-06-09
34.80198	-97.854706	397.53305	2015-06-09
34.79368	-97.84841	397.28433	2015-06-09
34.785297	-97.84226	400.3919	2015-06-09
34.846428	-97.880295	394.3638	2015-06-09
34.838295	-97.8735	401.29776	2015-06-09
34.83018	-97.86687	399.24924	2015-06-09
34.8137	-97.85401	399.70657	2015-06-09
34.805325	-97.847855	399.91055	2015-06-09
34.8502	-97.87248	400.5577	2015-06-09
34.842026	-97.86592	397.90854	2015-06-09
34.902493	-97.905464	400.76797	2015-06-09
34.878338	-97.88473	392.92227	2015-06-09
34.853783	-97.86516	397.86426	2015-06-09
34.84542	-97.85896	397.28372	2015-06-09
34.922504	-97.9111	400.59528	2015-06-09
34.914543	-97.90408	398.61734	2015-06-09
34.882107	-97.87707	402.8677	2015-06-09
34.87383	-97.87072	401.91702	2015-06-09
34.86547	-97.86452	402.95975	2015-06-09
34.92652	-97.90279	398.84286	2015-06-09
34.91842	-97.895935	398.71695	2015-06-09
34.91033	-97.88926	390.5698	2015-06-09
34.885563	-97.87009	401.08978	2015-06-09
34.930435	-97.89488	394.10617	2015-06-09
34.922287	-97.888275	402.85648	2015-06-09
34.9667	-97.914085	401.462	2015-06-09
34.95861	-97.90721	393.592	2015-06-09
34.934135	-97.8875	396.98798	2015-06-09
34.925797	-97.881256	401.046	2015-06-09
34.97869	-97.912865	398.14154	2015-06-09
35.06286	-97.95096	402.3975	2015-06-09
35.05494	-97.943855	394.83627	2015-06-09
35.066944	-97.9426	401.20203	2015-06-09
35.05888	-97.93565	392.42514	2015-06-09
35.078915	-97.941376	396.592	2015-06-09
35.07087	-97.93461	400.19467	2015-06-09
35.090893	-97.94029	393.70895	2015-06-09
35.08278	-97.93358	399.64325	2015-06-09
35.07455	-97.92709	397.87595	2015-06-09
35.142883	-97.97393	399.5231	2015-06-09
35.134983	-97.966774	400.7802	2015-06-09
35.12698	-97.95972	395.39502	2015-06-09
35.09456	-97.93272	399.8224	2015-06-09
35.086254	-97.92637	397.66818	2015-06-09
35.162857	-97.97962	395.94135	2015-06-09
35.15496	-97.97246	397.7791	2015-06-09
35.146965	-97.965385	397.71927	2015-06-09
35.138916	-97.9584	401.70828	2015-06-09
35.130886	-97.95158	405.71405	2015-06-09
35.122784	-97.94484	407.04233	2015-06-09
35.114567	-97.93833	402.5569	2015-06-09
35.106266	-97.93198	404.20654	2015-06-09
35.17493	-97.97814	396.5762	2015-06-09
35.166935	-97.97106	396.3921	2015-06-09
35.158886	-97.96406	396.9721	2015-06-09
35.150856	-97.95723	399.68124	2015-06-09
35.142754	-97.95048	399.31775	2015-06-09
35.134537	-97.943954	401.4415	2015-06-09
35.12624	-97.93759	400.96802	2015-06-09
35.178814	-97.96973	398.59186	2015-06-09
35.170788	-97.96288	398.66696	2015-06-09
35.162693	-97.956116	397.12238	2015-06-09
35.15448	-97.949585	400.0351	2015-06-09
35.146187	-97.94321	399.62222	2015-06-09
35.19874	-97.975395	390.55435	2015-06-09
35.19072	-97.96854	397.51297	2015-06-09
35.18263	-97.96176	399.2324	2015-06-09
35.174423	-97.955215	398.2967	2015-06-09
35.166134	-97.94882	398.62607	2015-06-09
35.210636	-97.97421	390.05716	2015-06-09
35.20255	-97.96742	401.6577	2015-06-09
35.194344	-97.96087	400.6492	2015-06-09
35.186058	-97.95447	400.02914	2015-06-09
35.262417	-98.008194	397.2646	2015-06-09
35.254543	-98.00097	397.15698	2015-06-09
35.246567	-97.993835	394.3033	2015-06-09
35.23854	-97.986786	392.4774	2015-06-09
35.21425	-97.966545	398.18878	2015-06-09
35.282288	-98.01394	398.3808	2015-06-09
35.258427	-97.99249	398.37192	2015-06-09
35.250423	-97.9856	401.5271	2015-06-09
35.242344	-97.97879	402.1364	2015-06-09
35.234154	-97.97221	398.42902	2015-06-09
35.225876	-97.96578	395.06232	2015-06-09
35.286346	-98.005264	396.82874	2015-06-09
35.262276	-97.984436	396.9329	2015-06-09
35.254093	-97.97784	398.68124	2015-06-09
35.245827	-97.97139	399.37915	2015-06-09
35.322094	-98.025345	399.2901	2015-06-09
35.290295	-97.99688	396.27	2015-06-09
35.27406	-97.98342	393.84595	2015-06-09
35.265797	-97.97696	397.8163	2015-06-09
35.34203	-98.031006	397.73782	2015-06-09
35.334183	-98.02372	396.18536	2015-06-09
35.326237	-98.01653	397.31717	2015-06-09
35.3022	-97.99563	391.56882	2015-06-09
35.294025	-97.989006	398.26187	2015-06-09
35.28577	-97.98254	399.48578	2015-06-09
35.361954	-98.03668	398.0544	2015-06-09
35.35411	-98.0294	399.44296	2015-06-09
35.34616	-98.02222	398.9138	2015-06-09
35.305687	-97.98823	400.5603	2015-06-09
35.381798	-98.042534	394.5596	2015-06-09
35.37396	-98.03524	399.9949	2015-06-09
35.366016	-98.028046	400.85797	2015-06-09
35.35802	-98.02092	399.32996	2015-06-09
35.35004	-98.01398	397.25403	2015-06-09
35.38587	-98.03387	396.60696	2015-06-09
35.37788	-98.02673	398.19888	2015-06-09
35.361862	-98.01289	397.89877	2015-06-09
35.3537	-98.00625	396.23917	2015-06-09
35.421494	-98.05423	400.99228	2015-06-09
35.413677	-98.0469	401.52454	2015-06-09
35.405758	-98.039665	394.1699	2015-06-09
35.397785	-98.03251	394.87033	2015-06-09
35.38983	-98.025536	396.53284	2015-06-09
35.3818	-98.01863	398.34244	2015-06-09
35.441483	-98.05997	400.37363	2015-06-09
35.43367	-98.05263	401.83133	2015-06-09
35.42576	-98.04538	400.7813	2015-06-09
35.41779	-98.03821	401.7588	2015-06-09
35.40984	-98.03122	401.06378	2015-06-09
35.401817	-98.0243	401.0816	2015-06-09
35.393677	-98.01762	402.9918	2015-06-09
35.385452	-98.01108	402.26834	2015-06-09
35.461468	-98.065704	398.72855	2015-06-09
35.437794	-98.04391	397.997	2015-06-09
35.42985	-98.0369	400.01068	2015-06-09
35.421833	-98.02997	399.78964	2015-06-09
35.4137	-98.02327	397.9552	2015-06-09
35.40548	-98.01672	399.77206	2015-06-09
35.48146	-98.071434	399.73996	2015-06-09
35.473667	-98.06407	400.08612	2015-06-09
35.441883	-98.03565	397.9805	2015-06-09
35.433758	-98.02894	398.53806	2015-06-09
35.42555	-98.022385	398.275	2015-06-09
35.493725	-98.06981	396.8719	2015-06-09
35.485836	-98.06253	397.10562	2015-06-09
35.47789	-98.05532	399.5392	2015-06-09
35.469963	-98.048294	391.3847	2015-06-09
35.44564	-98.028046	398.60098	2015-06-09
35.513786	-98.075554	392.01804	2015-06-09
35.5059	-98.06825	399.71735	2015-06-09
35.497963	-98.061035	399.65613	2015-06-09
35.49004	-98.05399	398.85913	2015-06-09
35.482044	-98.04703	398.1042	2015-06-09
35.525955	-98.074005	393.80667	2015-06-09
35.51802	-98.06678	400.65894	2015-06-09
35.5101	-98.05974	403.18286	2015-06-09
35.50211	-98.052765	401.13596	2015-06-09
35.494	-98.04602	398.92914	2015-06-09
35.561634	-98.09455	400.3655	2015-06-09
35.553864	-98.08714	402.2135	2015-06-09
35.545986	-98.079834	391.9008	2015-06-09
35.53806	-98.07259	399.24933	2015-06-09
35.52216	-98.05855	399.71332	2015-06-09
35.514053	-98.051796	399.0373	2015-06-09
35.505863	-98.0452	399.8418	2015-06-09
35.581654	-98.10041	398.71725	2015-06-09
35.573887	-98.09299	397.95786	2015-06-09
35.566017	-98.08566	400.59653	2015-06-09
35.558094	-98.07841	401.21036	2015-06-09
35.52592	-98.050964	395.97003	2015-06-09
35.60167	-98.106255	399.4675	2015-06-09
35.593906	-98.09882	399.5051	2015-06-09
35.58604	-98.091484	399.85785	2015-06-09
35.578125	-98.08421	399.57294	2015-06-09
35.621666	-98.11208	400.6283	2015-06-09
35.613907	-98.10463	400.0809	2015-06-09
35.60605	-98.09728	397.99445	2015-06-09
35.61815	-98.09579	400.24802	2015-06-09
35.610256	-98.08868	397.35727	2015-06-09
35.622322	-98.08735	401.2464	2015-06-09
35.614246	-98.08052	397.8889	2015-06-09
35.634293	-98.086174	396.58295	2015-06-09
35.626137	-98.07948	395.9812	2015-06-09
35.64619	-98.08511	403.84113	2015-06-09
35.73034	-98.12279	397.46313	2015-06-09
35.722404	-98.11567	407.38388	2015-06-09
35.75815	-98.135666	396.94904	2015-06-09
35.742348	-98.121315	396.87244	2015-06-09
35.734287	-98.11441	403.38687	2015-06-09
35.726143	-98.10766	404.8855	2015-06-09
35.80143	-98.16377	403.16306	2015-06-09
35.793716	-98.1562	395.85553	2015-06-09
35.778027	-98.14132	393.99768	2015-06-09
35.770164	-98.134094	404.44464	2015-06-09
35.762234	-98.126945	403.15726	2015-06-09
35.75418	-98.120026	400.15164	2015-06-09
35.746044	-98.11326	403.80087	2015-06-09
35.82129	-98.169464	396.98776	2015-06-09
35.81358	-98.16188	402.26782	2015-06-09
35.805767	-98.15439	405.5588	2015-06-09
35.7979	-98.14697	405.21054	2015-06-09
35.79005	-98.13974	403.3036	2015-06-09
35.782124	-98.132576	405.40564	2015-06-09
35.77408	-98.12564	398.0554	2015-06-09
35.82565	-98.16006	395.6231	2015-06-09
35.81779	-98.15263	397.60614	2015-06-09
35.802032	-98.138214	397.4272	2015-06-09
35.79399	-98.13127	394.7907	2015-06-09
35.785866	-98.12448	400.53488	2015-06-09
35.82987	-98.151054	396.34335	2015-06-09
35.821957	-98.14387	398.27368	2015-06-09
35.813923	-98.13692	396.5224	2015-06-09
35.8058	-98.13011	396.5373	2015-06-09
35.880947	-98.18659	409.1386	2015-06-09
35.900845	-98.192314	402.98428	2015-06-09
35.893166	-98.184685	402.50357	2015-06-09
35.88538	-98.177155	399.85757	2015-06-09
35.92076	-98.198105	400.8964	2015-06-09
35.91309	-98.19046	402.6243	2015-06-09
35.90531	-98.182915	400.0632	2015-06-09
35.897476	-98.175446	396.22427	2015-06-09
35.889656	-98.16816	395.52945	2015-06-09
35.940678	-98.20389	398.18823	2015-06-09
35.93301	-98.196236	402.85522	2015-06-09
35.92524	-98.18868	404.80386	2015-06-09
35.91741	-98.1812	401.23254	2015-06-09
35.9096	-98.1739	395.96307	2015-06-09
35.90171	-98.166664	398.65512	2015-06-09
35.893703	-98.15967	398.77585	2015-06-09
35.952938	-98.20202	396.43445	2015-06-09
35.94517	-98.19446	399.0769	2015-06-09
35.937355	-98.186966	403.3525	2015-06-09
35.929546	-98.17966	403.01697	2015-06-09
35.92167	-98.17242	400.85815	2015-06-09
35.913666	-98.16541	403.2882	2015-06-09
35.905575	-98.158554	404.508	2015-06-09
35.972878	-98.20786	398.69366	2015-06-09
35.96512	-98.20028	400.66577	2015-06-09
35.957306	-98.19278	402.90817	2015-06-09
35.949505	-98.185455	398.86545	2015-06-09
35.985065	-98.20611	399.8153	2015-06-09
35.97726	-98.19859	404.4353	2015-06-09
35.969463	-98.19125	403.27567	2015-06-09
35.961597	-98.18399	399.69073	2015-06-09
35.997227	-98.204414	399.39313	2015-06-09
35.98944	-98.197075	404.10712	2015-06-09
35.981583	-98.1898	403.91827	2015-06-09
35.973602	-98.182755	400.54715	2015-06-09
36.04039	-98.23312	399.38922	2015-06-09
36.032757	-98.22542	405.50458	2015-06-09
36.02502	-98.217804	406.9359	2015-06-09
36.017227	-98.210266	401.20172	2015-06-09
36.00945	-98.20291	403.713	2015-06-09
35.993618	-98.18857	396.9346	2015-06-09
35.985554	-98.18166	402.34668	2015-06-09
36.045013	-98.22367	400.8593	2015-06-09
36.037228	-98.21612	402.79898	2015-06-09
36.04947	-98.214584	398.54373	2015-06-09
36.220257	-98.28621	393.12308	2015-06-09
36.233624	-98.25867	400.92468	2015-06-09
36.26146	-98.27177	400.96527	2015-06-09
36.253548	-98.26456	402.3493	2015-06-09
36.245544	-98.25749	399.26	2015-06-09
36.265507	-98.26332	407.54623	2015-06-09
36.316833	-98.29848	409.7869	2015-06-09
36.309135	-98.29093	406.00958	2015-06-09
36.329098	-98.29677	402.17587	2015-06-09
36.321335	-98.289276	405.52405	2015-06-09
36.313442	-98.28202	397.5665	2015-06-09
36.379612	-98.333664	405.77942	2015-06-09
36.37208	-98.325745	406.20038	2015-06-09
36.36445	-98.31792	406.3838	2015-06-09
36.356754	-98.31016	407.11606	2015-06-09
36.349075	-98.30258	405.38245	2015-06-09
36.34132	-98.29508	406.14407	2015-06-09
36.399586	-98.33951	401.1293	2015-06-09
36.39206	-98.33157	401.58585	2015-06-09
36.38443	-98.32373	401.3985	2015-06-09
36.376747	-98.31596	396.34125	2015-06-09
36.353443	-98.29357	398.791	2015-06-09
36.419556	-98.345345	404.82672	2015-06-09
36.41204	-98.3374	400.11697	2015-06-09
36.404415	-98.329544	397.87344	2015-06-09
36.396736	-98.32176	398.59998	2015-06-09
36.38907	-98.31416	398.2566	2015-06-09
36.432026	-98.343216	400.34317	2015-06-09
36.424408	-98.33534	399.46347	2015-06-09
36.401344	-98.31237	394.82843	2015-06-09
36.39348	-98.30505	394.45755	2015-06-09
36.45954	-98.35693	395.88257	2015-06-09
36.452038	-98.34895	401.96252	2015-06-09
36.44443	-98.34107	397.5586	2015-06-09
36.421383	-98.31807	392.99582	2015-06-09
36.413525	-98.31074	394.0885	2015-06-09
36.40558	-98.30356	400.91998	2015-06-09
36.472054	-98.3547	394.22177	2015-06-09
36.46445	-98.3468	402.9036	2015-06-09
36.456795	-98.338974	403.4711	2015-06-09
36.449142	-98.33133	401.66043	2015-06-09
36.44142	-98.32376	395.00592	2015-06-09
36.43357	-98.31642	391.50928	2015-06-09
36.42563	-98.30923	400.54892	2015-06-09
36.484474	-98.35254	392.56427	2015-06-09
36.47682	-98.3447	401.64066	2015-06-09
36.469177	-98.33705	401.1916	2015-06-09
36.461456	-98.329475	402.42755	2015-06-09
36.453613	-98.32212	402.38712	2015-06-09
36.445675	-98.31492	400.51596	2015-06-09
36.496845	-98.350464	397.17358	2015-06-09
36.489204	-98.3428	403.50787	2015-06-09
36.481495	-98.335205	402.9908	2015-06-09
36.47365	-98.32784	402.17688	2015-06-09
36.46572	-98.320625	405.15442	2015-06-09
36.493694	-98.33356	398.00943	2015-06-09
36.485767	-98.32633	400.53058	2015-06-09
34.622704	-99.39435	399.0137	2015-06-16
34.61453	-99.38768	400.9593	2015-06-16
34.93708	-96.54316	386.57153	2015-06-27
34.986263	-96.5518	395.75998	2015-06-27
34.976086	-96.550674	396.56552	2015-06-27
35.004745	-96.557526	396.38614	2015-06-27
34.98428	-96.55548	397.14407	2015-06-27
34.963787	-96.553925	389.16238	2015-06-27
35.02323	-96.56325	395.13797	2015-06-27
34.99247	-96.56034	398.888	2015-06-27
34.982258	-96.55963	398.3325	2015-06-27
34.972023	-96.559006	394.35626	2015-06-27
35.031548	-96.567825	396.26953	2015-06-27
35.021286	-96.56686	396.5672	2015-06-27
35.01099	-96.566	396.88382	2015-06-27
35.00076	-96.56532	397.68048	2015-06-27
34.980213	-96.56439	397.2677	2015-06-27
34.96993	-96.5642	395.46555	2015-06-27
35.060223	-96.57474	397.2356	2015-06-27
35.050083	-96.57349	397.07123	2015-06-27
35.039825	-96.572495	396.38205	2015-06-27
35.029533	-96.571625	397.15512	2015-06-27
35.01927	-96.570984	396.73254	2015-06-27
35.00901	-96.57037	397.58484	2015-06-27
34.99871	-96.57005	397.86243	2015-06-27
35.06855	-96.57928	397.63467	2015-06-27
35.02752	-96.57605	399.02423	2015-06-27
35.017273	-96.57564	397.54623	2015-06-27
35.0069	-96.57557	397.22696	2015-06-27
35.097176	-96.586334	397.46738	2015-06-27
35.076725	-96.58415	399.3266	2015-06-27
35.066463	-96.583206	398.663	2015-06-27
35.056232	-96.58249	396.23227	2015-06-27
35.025394	-96.581276	397.17575	2015-06-27
35.115685	-96.5921	396.26068	2015-06-27
35.105488	-96.590935	396.41806	2015-06-27
35.084896	-96.58907	397.51437	2015-06-27
35.074707	-96.58827	397.9096	2015-06-27
35.06448	-96.58757	398.98605	2015-06-27
35.0542	-96.58718	394.23788	2015-06-27
35.043888	-96.58698	395.6346	2015-06-27
35.134155	-96.59794	396.51678	2015-06-27
35.123978	-96.59672	396.7616	2015-06-27
35.113697	-96.59571	395.73776	2015-06-27
35.09319	-96.594025	397.0733	2015-06-27
35.082912	-96.59339	398.3542	2015-06-27
35.072624	-96.593	399.53238	2015-06-27
35.152584	-96.60381	391.36688	2015-06-27
35.14241	-96.60258	396.40927	2015-06-27
35.101357	-96.599174	397.6555	2015-06-27
35.09106	-96.59879	398.58502	2015-06-27
35.080757	-96.59855	397.762	2015-06-27
35.17099	-96.60974	394.13394	2015-06-27
35.160824	-96.60847	393.61545	2015-06-27
35.150597	-96.607346	397.8816	2015-06-27
35.10952	-96.60454	395.65768	2015-06-27
35.099194	-96.60432	396.6324	2015-06-27
35.189445	-96.61557	397.44696	2015-06-27
35.169006	-96.613266	394.58536	2015-06-27
35.148533	-96.61146	398.3809	2015-06-27
35.117695	-96.61008	395.42612	2015-06-27
35.207916	-96.62153	396.07544	2015-06-27
35.187466	-96.619225	396.69406	2015-06-27
35.177197	-96.618225	395.0853	2015-06-27
35.156746	-96.61667	398.69843	2015-06-27
35.146507	-96.61616	396.08698	2015-06-27
35.226418	-96.62743	396.88275	2015-06-27
35.21621	-96.62622	396.3223	2015-06-27
35.20594	-96.62515	395.16476	2015-06-27
35.19566	-96.62416	396.44144	2015-06-27
35.18546	-96.62331	395.92557	2015-06-27
35.175232	-96.62254	392.8775	2015-06-27
35.154633	-96.62183	398.30554	2015-06-27
35.203926	-96.62919	394.28552	2015-06-27
35.19369	-96.62842	395.08755	2015-06-27
35.173126	-96.62761	395.12445	2015-06-27
35.2532	-96.63794	394.23166	2015-06-27
35.242935	-96.636826	395.63153	2015-06-27
35.232624	-96.63585	396.25232	2015-06-27
35.22243	-96.634964	397.7197	2015-06-27
35.21217	-96.63422	396.5307	2015-06-27
35.201878	-96.63375	395.24475	2015-06-27
35.191597	-96.6334	395.1686	2015-06-27
35.281853	-96.6451	397.11157	2015-06-27
35.251133	-96.641624	395.162	2015-06-27
35.24093	-96.64074	395.5603	2015-06-27
35.210045	-96.63922	397.6817	2015-06-27
35.30033	-96.65098	394.67764	2015-06-27
35.269627	-96.64746	396.15427	2015-06-27
35.22854	-96.64503	398.83618	2015-06-27
35.318817	-96.65691	395.24118	2015-06-27
35.30864	-96.65559	395.4109	2015-06-27
35.29839	-96.65442	395.44397	2015-06-27
35.267616	-96.65173	395.8542	2015-06-27
35.337257	-96.66293	395.65143	2015-06-27
35.327087	-96.661575	395.506	2015-06-27
35.28612	-96.65758	396.48947	2015-06-27
35.275833	-96.65706	396.64792	2015-06-27
35.265522	-96.65671	396.84155	2015-06-27
35.355732	-96.668884	395.96332	2015-06-27
35.335323	-96.66629	396.03998	2015-06-27
35.30463	-96.66335	396.49908	2015-06-27
35.29434	-96.66283	396.02145	2015-06-27
35.28403	-96.662445	396.9075	2015-06-27
35.374237	-96.67467	396.02832	2015-06-27
35.353798	-96.672104	396.6585	2015-06-27
35.333332	-96.67001	396.32166	2015-06-27
35.31284	-96.66854	396.84863	2015-06-27
35.302555	-96.66811	395.01807	2015-06-27
35.372303	-96.677864	396.7632	2015-06-27
35.362015	-96.67676	396.43192	2015-06-27
35.34157	-96.67492	394.70715	2015-06-27
35.331326	-96.674286	396.5617	2015-06-27
35.32103	-96.67386	395.95084	2015-06-27
35.380527	-96.68252	395.6203	2015-06-27
35.36008	-96.680664	397.64438	2015-06-27
35.349808	-96.68007	390.58884	2015-06-27
35.339504	-96.67965	391.05167	2015-06-27
35.429703	-96.692184	393.87198	2015-06-27
35.419514	-96.690796	395.505	2015-06-27
35.409267	-96.689545	396.3537	2015-06-27
35.399006	-96.68838	395.27216	2015-06-27
35.38881	-96.687386	394.41812	2015-06-27
35.378582	-96.68647	396.95782	2015-06-27
35.368313	-96.685844	398.68536	2015-06-27
35.357983	-96.685455	392.3252	2015-06-27
35.438038	-96.6966	394.59625	2015-06-27
35.427784	-96.69535	395.37033	2015-06-27
35.407303	-96.6932	395.98206	2015-06-27
35.39706	-96.6923	395.1886	2015-06-27
35.386784	-96.69167	396.13022	2015-06-27
35.376495	-96.69121	398.07425	2015-06-27
35.44629	-96.701164	393.4584	2015-06-27
35.425785	-96.69902	394.9895	2015-06-27
35.40527	-96.69746	395.50784	2015-06-27
35.394962	-96.69701	395.95572	2015-06-27
35.42372	-96.703285	397.11105	2015-06-27
35.413418	-96.702805	395.58377	2015-06-27
35.452496	-96.70969	396.20453	2015-06-27
35.44222	-96.70903	394.4194	2015-06-27
35.431904	-96.70856	395.83072	2015-06-27
35.450375	-96.71432	396.1642	2015-06-27
35.54048	-96.7275	396.01736	2015-06-27
35.53653	-96.73399	396.19385	2015-06-27
35.595844	-96.7452	393.94424	2015-06-27
35.554977	-96.739914	394.28815	2015-06-27
35.524166	-96.737625	395.8885	2015-06-27
35.614277	-96.7512	394.99896	2015-06-27
35.60413	-96.74962	395.00693	2015-06-27
35.59389	-96.74823	393.18164	2015-06-27
35.552906	-96.74408	396.73627	2015-06-27
35.542618	-96.74349	397.5455	2015-06-27
35.63273	-96.75715	395.7977	2015-06-27
35.62255	-96.75561	396.16663	2015-06-27
35.602077	-96.75285	394.59842	2015-06-27
35.651176	-96.763054	396.93134	2015-06-27
35.64102	-96.76146	397.84833	2015-06-27
35.630756	-96.760086	396.50113	2015-06-27
35.620476	-96.7588	394.91895	2015-06-27
35.610287	-96.75764	395.92627	2015-06-27
35.57946	-96.75524	395.4084	2015-06-27
35.659447	-96.76739	394.09683	2015-06-27
35.638916	-96.76468	394.58087	2015-06-27
35.618465	-96.762474	396.16095	2015-06-27
35.60821	-96.76166	395.46667	2015-06-27
35.597897	-96.76107	396.80695	2015-06-27
35.657368	-96.770515	395.33234	2015-06-27
35.647144	-96.76937	394.79382	2015-06-27
35.636883	-96.768326	394.19772	2015-06-27
35.61628	-96.76693	394.43985	2015-06-27
35.706417	-96.78083	396.19986	2015-06-27
35.696255	-96.779205	397.011	2015-06-27
35.675743	-96.776405	393.03323	2015-06-27
35.665577	-96.77516	396.6324	2015-06-27
35.655346	-96.774055	398.60623	2015-06-27
35.645046	-96.77328	393.82217	2015-06-27
35.634697	-96.77271	392.30408	2015-06-27
35.704426	-96.78359	396.45227	2015-06-27
35.694157	-96.782234	396.35022	2015-06-27
35.683945	-96.78105	395.3065	2015-06-27
35.673725	-96.77991	394.3305	2015-06-27
35.743217	-96.792625	391.27893	2015-06-27
35.722878	-96.78941	391.46152	2015-06-27
35.712585	-96.78809	392.05255	2015-06-27
35.692123	-96.78582	395.53735	2015-06-27
35.681858	-96.78497	393.9647	2015-06-27
35.67156	-96.78432	395.4129	2015-06-27
35.751472	-96.797005	391.18613	2015-06-27
35.731037	-96.79403	391.00226	2015-06-27
35.720833	-96.79282	392.82635	2015-06-27
35.71057	-96.79175	392.33472	2015-06-27
35.689964	-96.79028	388.06586	2015-06-27
35.749393	-96.800125	389.42105	2015-06-27
35.739235	-96.79883	390.04395	2015-06-27
35.729034	-96.79764	395.71964	2015-06-27
35.71874	-96.796814	392.86865	2015-06-27
35.788338	-96.80899	393.8045	2015-06-27
35.81699	-96.81657	394.19794	2015-06-27
35.80684	-96.814865	392.20966	2015-06-27
35.796597	-96.813354	396.86606	2015-06-27
35.786335	-96.81193	391.3555	2015-06-27
35.76591	-96.8095	391.64462	2015-06-27
35.75564	-96.80862	390.2905	2015-06-27
35.825294	-96.820816	392.068	2015-06-27
35.794624	-96.816536	394.60672	2015-06-27
35.78438	-96.81538	394.35568	2015-06-27
35.77413	-96.814445	392.4538	2015-06-27
35.763798	-96.813774	394.42972	2015-06-27
35.82329	-96.82371	391.23447	2015-06-27
35.813118	-96.822395	390.15723	2015-06-27
35.78228	-96.8196	391.4122	2015-06-27
35.872383	-96.8344	389.22134	2015-06-27
35.821327	-96.82711	390.8948	2015-06-27
35.880703	-96.83858	392.7756	2015-06-27
35.82952	-96.83206	391.2402	2015-06-27
35.909298	-96.846306	393.9332	2015-06-27
35.888947	-96.84292	395.4398	2015-06-27
35.878708	-96.84141	393.64667	2015-06-27
35.848007	-96.83793	388.676	2015-06-27
35.92774	-96.852356	395.51254	2015-06-27
35.917606	-96.85056	394.81876	2015-06-27
35.897186	-96.84736	394.59653	2015-06-27
35.876785	-96.84476	394.60016	2015-06-27
35.936066	-96.85657	391.52908	2015-06-27
35.905487	-96.851944	390.7908	2015-06-27
35.895264	-96.850685	395.96716	2015-06-27
35.8747	-96.84891	391.93155	2015-06-27
35.93408	-96.85934	391.1546	2015-06-27
35.9239	-96.857956	393.2096	2015-06-27
35.90343	-96.85565	391.58368	2015-06-27
35.983093	-96.87037	394.98807	2015-06-27
35.952515	-96.865295	386.69714	2015-06-27
35.93212	-96.862595	391.69543	2015-06-27
35.92186	-96.86158	389.9563	2015-06-27
35.98117	-96.87285	393.07675	2015-06-27
35.960773	-96.869835	392.5694	2015-06-27
35.930008	-96.86664	392.8172	2015-06-27
36.01995	-96.88238	397.17953	2015-06-27
35.999596	-96.87885	384.27557	2015-06-27
35.98937	-96.87725	386.8049	2015-06-27
35.979202	-96.87582	394.5396	2015-06-27
35.969006	-96.874466	394.81058	2015-06-27
35.958748	-96.87343	392.4185	2015-06-27
36.02828	-96.88655	396.2486	2015-06-27
35.977203	-96.87941	392.4412	2015-06-27
36.03657	-96.8908	392.32336	2015-06-27
36.016163	-96.88774	395.66516	2015-06-27
36.06526	-96.8985	392.37042	2015-06-27
36.024403	-96.89237	393.38428	2015-06-27
36.01418	-96.891235	393.43002	2015-06-27
36.09388	-96.90636	394.80667	2015-06-27
36.083755	-96.90445	394.5882	2015-06-27
36.07354	-96.90272	394.79785	2015-06-27
36.06328	-96.90112	391.5166	2015-06-27
36.02232	-96.89632	389.38702	2015-06-27
36.10221	-96.91046	394.50235	2015-06-27
36.09201	-96.90869	394.03735	2015-06-27
36.071606	-96.905556	396.76877	2015-06-27
36.061367	-96.904205	394.8919	2015-06-27
36.051132	-96.90307	391.29837	2015-06-27
36.040836	-96.90215	389.85544	2015-06-27
36.130825	-96.918335	389.35254	2015-06-27
36.110474	-96.914665	395.3712	2015-06-27
36.100227	-96.91302	395.06638	2015-06-27
36.09007	-96.91149	395.0541	2015-06-27
36.079865	-96.91008	395.44778	2015-06-27
36.069584	-96.909	396.25082	2015-06-27
36.059277	-96.90807	393.44455	2015-06-27
36.11873	-96.91887	391.28522	2015-06-27
36.098293	-96.91602	396.03802	2015-06-27
36.088047	-96.91487	393.97693	2015-06-27
36.077755	-96.913925	395.5788	2015-06-27
36.106495	-96.92078	397.10104	2015-06-27
36.096207	-96.91981	395.8148	2015-06-27
36.18428	-96.938385	387.84567	2015-06-27
36.223076	-96.94809	397.4233	2015-06-27
36.21296	-96.946075	391.62183	2015-06-27
36.202766	-96.94422	389.87753	2015-06-27
36.192505	-96.942535	393.32623	2015-06-27
36.23141	-96.952	392.60287	2015-06-27
36.20084	-96.9468	391.42346	2015-06-27
36.170074	-96.94314	392.62717	2015-06-27
36.239708	-96.95609	389.78296	2015-06-27
36.22951	-96.95428	391.6622	2015-06-27
36.219368	-96.95266	392.77142	2015-06-27
36.278507	-96.96594	389.92557	2015-06-27
36.268368	-96.963936	386.8733	2015-06-27
36.237846	-96.95858	393.071	2015-06-27
36.276714	-96.9679	390.74432	2015-06-27
36.24615	-96.96291	395.45142	2015-06-27
36.235912	-96.961655	390.47964	2015-06-27
36.315445	-96.977844	388.30612	2015-06-27
36.27478	-96.970375	388.36972	2015-06-27
36.254307	-96.967606	392.6842	2015-06-27
36.244053	-96.966484	397.9184	2015-06-27
36.313614	-96.97974	390.9578	2015-06-27
36.27278	-96.973434	386.42102	2015-06-27
36.311676	-96.982185	395.0777	2015-06-27
36.309715	-96.98521	395.09622	2015-06-27
36.40781	-97.00752	388.30118	2015-06-27
36.39772	-97.00537	391.8802	2015-06-27
36.36717	-96.99984	382.34766	2015-06-27
36.405956	-97.009514	392.50946	2015-06-27
36.39574	-97.00764	393.50635	2015-06-27
36.375385	-97.004326	392.70325	2015-06-27
36.434547	-97.01764	396.95007	2015-06-27
36.414158	-97.01374	394.56024	2015-06-27
36.404034	-97.01198	395.57068	2015-06-27
36.38358	-97.00904	392.7942	2015-06-27
36.442787	-97.02171	393.219	2015-06-27
36.422443	-97.01803	395.16974	2015-06-27
36.412243	-97.01639	398.8498	2015-06-27
36.48148	-97.03193	392.75574	2015-06-27
36.471394	-97.02972	387.87122	2015-06-27
36.43066	-97.02232	396.33026	2015-06-27
36.410133	-97.01976	400.8844	2015-06-27
36.48982	-97.03569	393.00546	2015-06-27
36.469418	-97.031715	385.1372	2015-06-27
36.43884	-97.02688	394.0042	2015-06-27
36.487846	-97.03773	391.6431	2015-06-27
36.485928	-97.040405	391.18546	2015-06-27
36.49412	-97.04509	390.04523	2015-06-27
36.483852	-97.043846	391.88193	2015-06-27
