34.84492,-98.12096
34.813927,-98.11909
34.884064,-98.128555
34.87377,-98.12755
34.89225,-98.13332
34.88191,-98.13244
34.87153,-98.131676
34.861233,-98.13104
34.830112,-98.13027
34.910748,-98.13909
34.89001,-98.13744
34.879715,-98.13681
34.848583,-98.13602
34.92925,-98.14485
34.91892,-98.14392
34.90853,-98.14315
34.89822,-98.14253
34.87748,-98.14179
34.95795,-98.15183
34.93738,-98.14974
34.927036,-98.14888
34.91672,-98.148254
34.90637,-98.147736
34.89598,-98.14749
34.885586,-98.14741
34.95585,-98.15557
34.945496,-98.15471
34.935215,-98.154015
34.9249,-98.15341
34.914513,-98.15317
34.9041,-98.15309
34.963978,-98.1605
34.943367,-98.1592
34.93303,-98.15886
34.951496,-98.164635
34.94113,-98.16446
34.959587,-98.17025
35.08736,-98.19263
35.056446,-98.18946
35.105873,-98.1985
35.09561,-98.19732
35.085274,-98.196304
35.064674,-98.19454
35.124393,-98.20437
35.11414,-98.203156
35.103794,-98.20214
35.093433,-98.20121
35.062458,-98.19939
35.142967,-98.21013
35.1327,-98.20893
35.12232,-98.20797
35.11197,-98.20701
35.101665,-98.206245
35.091335,-98.205574
35.140877,-98.21373
35.1305,-98.21281
35.109867,-98.21135
35.089115,-98.21071
35.128387,-98.21714
35.11802,-98.21673
35.12613,-98.22234
35.733932,-98.39961
35.7318,-98.40246
35.721516,-98.40101
35.739845,-98.40704
35.729588,-98.40581
35.737663,-98.41062
36.194702,-98.54871
36.2132,-98.55464
36.20295,-98.55278
36.192646,-98.55103
36.200783,-98.555336
36.25005,-98.566795
36.239857,-98.56482
36.229595,-98.56299
36.219337,-98.56121
36.26848,-98.5729
36.248035,-98.56905
36.237747,-98.567314
36.227512,-98.56575
36.206882,-98.56316
36.196472,-98.56225
36.28689,-98.57904
36.26646,-98.57514
36.256165,-98.573395
36.305313,-98.58517
36.295124,-98.58315
36.27456,-98.579544
36.26436,-98.57791
36.254044,-98.576485
36.243717,-98.575294
36.233383,-98.57424
36.313545,-98.58928
36.303276,-98.58742
36.292965,-98.58568
36.282734,-98.584076
36.272453,-98.58259
36.251778,-98.580345
36.321716,-98.593506
36.30116,-98.59017
36.29086,-98.588684
36.280544,-98.58744
36.309265,-98.594666
36.32769,-98.60062
36.317345,-98.5994
36.30696,-98.59836
36.32538,-98.604324
36.343773,-98.61041
36.485336,-98.6509
36.493507,-98.65539
34.52254,-97.796974
34.562588,-97.808334
34.554523,-97.80155
34.546356,-97.79487
34.538143,-97.78826
34.582607,-97.81401
34.574543,-97.80721
34.56638,-97.80052
34.602573,-97.81968
34.594517,-97.812874
34.586357,-97.80617
34.5449,-97.77457
34.622543,-97.825356
34.61449,-97.81853
34.60634,-97.81181
34.598137,-97.80517
34.642513,-97.83103
34.63447,-97.824196
34.626328,-97.81747
34.618134,-97.810814
34.609962,-97.804344
34.601723,-97.79794
34.66252,-97.836754
34.654484,-97.82991
34.646347,-97.82317
34.63816,-97.816505
34.621758,-97.803604
34.61341,-97.797424
34.604984,-97.791405
34.6745,-97.835625
34.666367,-97.82887
34.658184,-97.8222
34.650024,-97.81569
34.62503,-97.797035
34.702538,-97.84822
34.69451,-97.841354
34.686386,-97.83459
34.67821,-97.8279
34.670055,-97.821396
34.66183,-97.81496
34.653492,-97.80876
34.645077,-97.80272
34.722546,-97.85401
34.714523,-97.84713
34.706406,-97.840355
34.698235,-97.83366
34.690083,-97.82713
34.681866,-97.82069
34.673534,-97.814476
34.665123,-97.80842
34.734535,-97.85291
34.72642,-97.84612
34.718258,-97.83941
34.710114,-97.83287
34.7019,-97.826416
34.693573,-97.82019
34.685165,-97.81412
34.721924,-97.83211
34.7136,-97.82587
34.705196,-97.81978
34.741936,-97.837776
34.733616,-97.83152
34.72522,-97.825424
34.802525,-97.87705
34.82251,-97.88278
34.806423,-97.86898
34.79828,-97.862206
34.790154,-97.85561
34.781963,-97.84909
34.773655,-97.842804
34.76527,-97.83667
34.8425,-97.888466
34.83451,-97.8815
34.818287,-97.86785
34.81017,-97.861244
34.80198,-97.854706
34.79368,-97.84841
34.785297,-97.84226
34.846428,-97.880295
34.838295,-97.8735
34.83018,-97.86687
34.8137,-97.85401
34.805325,-97.847855
34.8502,-97.87248
34.842026,-97.86592
34.902493,-97.905464
34.878338,-97.88473
34.853783,-97.86516
34.84542,-97.85896
34.922504,-97.9111
34.914543,-97.90408
34.882107,-97.87707
34.87383,-97.87072
34.86547,-97.86452
34.92652,-97.90279
34.91842,-97.895935
34.91033,-97.88926
34.885563,-97.87009
34.930435,-97.89488
34.922287,-97.888275
34.9667,-97.914085
34.95861,-97.90721
34.934135,-97.8875
34.925797,-97.881256
34.97869,-97.912865
35.06286,-97.95096
35.05494,-97.943855
35.066944,-97.9426
35.05888,-97.93565
35.078915,-97.941376
35.07087,-97.93461
35.090893,-97.94029
35.08278,-97.93358
35.07455,-97.92709
35.142883,-97.97393
35.134983,-97.966774
35.12698,-97.95972
35.09456,-97.93272
35.086254,-97.92637
35.162857,-97.97962
35.15496,-97.97246
35.146965,-97.965385
35.138916,-97.9584
35.130886,-97.95158
35.122784,-97.94484
35.114567,-97.93833
35.106266,-97.93198
35.17493,-97.97814
35.166935,-97.97106
35.158886,-97.96406
35.150856,-97.95723
35.142754,-97.95048
35.134537,-97.943954
35.12624,-97.93759
35.178814,-97.96973
35.170788,-97.96288
35.162693,-97.956116
35.15448,-97.949585
35.146187,-97.94321
35.19874,-97.975395
35.19072,-97.96854
35.18263,-97.96176
35.174423,-97.955215
35.166134,-97.94882
35.210636,-97.97421
35.20255,-97.96742
35.194344,-97.96087
35.186058,-97.95447
35.262417,-98.008194
35.254543,-98.00097
35.246567,-97.993835
35.23854,-97.986786
35.21425,-97.966545
35.282288,-98.01394
35.258427,-97.99249
35.250423,-97.9856
35.242344,-97.97879
35.234154,-97.97221
35.225876,-97.96578
35.286346,-98.005264
35.262276,-97.984436
35.254093,-97.97784
35.245827,-97.97139
35.322094,-98.025345
35.290295,-97.99688
35.27406,-97.98342
35.265797,-97.97696
35.34203,-98.031006
35.334183,-98.02372
35.326237,-98.01653
35.3022,-97.99563
35.294025,-97.989006
35.28577,-97.98254
35.361954,-98.03668
35.35411,-98.0294
35.34616,-98.02222
35.305687,-97.98823
35.381798,-98.042534
35.37396,-98.03524
35.366016,-98.028046
35.35802,-98.02092
35.35004,-98.01398
35.38587,-98.03387
35.37788,-98.02673
35.361862,-98.01289
35.3537,-98.00625
35.421494,-98.05423
35.413677,-98.0469
35.405758,-98.039665
35.397785,-98.03251
35.38983,-98.025536
35.3818,-98.01863
35.441483,-98.05997
35.43367,-98.05263
35.42576,-98.04538
35.41779,-98.03821
35.40984,-98.03122
35.401817,-98.0243
35.393677,-98.01762
35.385452,-98.01108
35.461468,-98.065704
35.437794,-98.04391
35.42985,-98.0369
35.421833,-98.02997
35.4137,-98.02327
35.40548,-98.01672
35.48146,-98.071434
35.473667,-98.06407
35.441883,-98.03565
35.433758,-98.02894
35.42555,-98.022385
35.493725,-98.06981
35.485836,-98.06253
35.47789,-98.05532
35.469963,-98.048294
35.44564,-98.028046
35.513786,-98.075554
35.5059,-98.06825
35.497963,-98.061035
35.49004,-98.05399
35.482044,-98.04703
35.525955,-98.074005
35.51802,-98.06678
35.5101,-98.05974
35.50211,-98.052765
35.494,-98.04602
35.561634,-98.09455
35.553864,-98.08714
35.545986,-98.079834
35.53806,-98.07259
35.52216,-98.05855
35.514053,-98.051796
35.505863,-98.0452
35.581654,-98.10041
35.573887,-98.09299
35.566017,-98.08566
35.558094,-98.07841
35.52592,-98.050964
35.60167,-98.106255
35.593906,-98.09882
35.58604,-98.091484
35.578125,-98.08421
35.621666,-98.11208
35.613907,-98.10463
35.60605,-98.09728
35.61815,-98.09579
35.610256,-98.08868
35.622322,-98.08735
35.614246,-98.08052
35.634293,-98.086174
35.626137,-98.07948
35.64619,-98.08511
35.73034,-98.12279
35.722404,-98.11567
35.75815,-98.135666
35.742348,-98.121315
35.734287,-98.11441
35.726143,-98.10766
35.80143,-98.16377
35.793716,-98.1562
35.778027,-98.14132
35.770164,-98.134094
35.762234,-98.126945
35.75418,-98.120026
35.746044,-98.11326
35.82129,-98.169464
35.81358,-98.16188
35.805767,-98.15439
35.7979,-98.14697
35.79005,-98.13974
35.782124,-98.132576
35.77408,-98.12564
35.82565,-98.16006
35.81779,-98.15263
35.802032,-98.138214
35.79399,-98.13127
35.785866,-98.12448
35.82987,-98.151054
35.821957,-98.14387
35.813923,-98.13692
35.8058,-98.13011
35.880947,-98.18659
35.900845,-98.192314
35.893166,-98.184685
35.88538,-98.177155
35.92076,-98.198105
35.91309,-98.19046
35.90531,-98.182915
35.897476,-98.175446
35.889656,-98.16816
35.940678,-98.20389
35.93301,-98.196236
35.92524,-98.18868
35.91741,-98.1812
35.9096,-98.1739
35.90171,-98.166664
35.893703,-98.15967
35.952938,-98.20202
35.94517,-98.19446
35.937355,-98.186966
35.929546,-98.17966
35.92167,-98.17242
35.913666,-98.16541
35.905575,-98.158554
35.972878,-98.20786
35.96512,-98.20028
35.957306,-98.19278
35.949505,-98.185455
35.985065,-98.20611
35.97726,-98.19859
35.969463,-98.19125
35.961597,-98.18399
35.997227,-98.204414
35.98944,-98.197075
35.981583,-98.1898
35.973602,-98.182755
36.04039,-98.23312
36.032757,-98.22542
36.02502,-98.217804
36.017227,-98.210266
36.00945,-98.20291
35.993618,-98.18857
35.985554,-98.18166
36.045013,-98.22367
36.037228,-98.21612
36.04947,-98.214584
36.220257,-98.28621
36.233624,-98.25867
36.26146,-98.27177
36.253548,-98.26456
36.245544,-98.25749
36.265507,-98.26332
36.316833,-98.29848
36.309135,-98.29093
36.329098,-98.29677
36.321335,-98.289276
36.313442,-98.28202
36.379612,-98.333664
36.37208,-98.325745
36.36445,-98.31792
36.356754,-98.31016
36.349075,-98.30258
36.34132,-98.29508
36.399586,-98.33951
36.39206,-98.33157
36.38443,-98.32373
36.376747,-98.31596
36.353443,-98.29357
36.419556,-98.345345
36.41204,-98.3374
36.404415,-98.329544
36.396736,-98.32176
36.38907,-98.31416
36.432026,-98.343216
36.424408,-98.33534
36.401344,-98.31237
36.39348,-98.30505
36.45954,-98.35693
36.452038,-98.34895
36.44443,-98.34107
36.421383,-98.31807
36.413525,-98.31074
36.40558,-98.30356
36.472054,-98.3547
36.46445,-98.3468
36.456795,-98.338974
36.449142,-98.33133
36.44142,-98.32376
36.43357,-98.31642
36.42563,-98.30923
36.484474,-98.35254
36.47682,-98.3447
36.469177,-98.33705
36.461456,-98.329475
36.453613,-98.32212
36.445675,-98.31492
36.496845,-98.350464
36.489204,-98.3428
36.481495,-98.335205
36.47365,-98.32784
36.46572,-98.320625
36.493694,-98.33356
36.485767,-98.32633
34.622704,-99.39435
34.61453,-99.38768
34.93708,-96.54316
34.986263,-96.5518
34.976086,-96.550674
35.004745,-96.557526
34.98428,-96.55548
34.963787,-96.553925
35.02323,-96.56325
34.99247,-96.56034
34.982258,-96.55963
34.972023,-96.559006
35.031548,-96.567825
35.021286,-96.56686
35.01099,-96.566
35.00076,-96.56532
34.980213,-96.56439
34.96993,-96.5642
35.060223,-96.57474
35.050083,-96.57349
35.039825,-96.572495
35.029533,-96.571625
35.01927,-96.570984
35.00901,-96.57037
34.99871,-96.57005
35.06855,-96.57928
35.02752,-96.57605
35.017273,-96.57564
35.0069,-96.57557
35.097176,-96.586334
35.076725,-96.58415
35.066463,-96.583206
35.056232,-96.58249
35.025394,-96.581276
35.115685,-96.5921
35.105488,-96.590935
35.084896,-96.58907
35.074707,-96.58827
35.06448,-96.58757
35.0542,-96.58718
35.043888,-96.58698
35.134155,-96.59794
35.123978,-96.59672
35.113697,-96.59571
35.09319,-96.594025
35.082912,-96.59339
35.072624,-96.593
35.152584,-96.60381
35.14241,-96.60258
35.101357,-96.599174
35.09106,-96.59879
35.080757,-96.59855
35.17099,-96.60974
35.160824,-96.60847
35.150597,-96.607346
35.10952,-96.60454
35.099194,-96.60432
35.189445,-96.61557
35.169006,-96.613266
35.148533,-96.61146
35.117695,-96.61008
35.207916,-96.62153
35.187466,-96.619225
35.177197,-96.618225
35.156746,-96.61667
35.146507,-96.61616
35.226418,-96.62743
35.21621,-96.62622
35.20594,-96.62515
35.19566,-96.62416
35.18546,-96.62331
35.175232,-96.62254
35.154633,-96.62183
35.203926,-96.62919
35.19369,-96.62842
35.173126,-96.62761
35.2532,-96.63794
35.242935,-96.636826
35.232624,-96.63585
35.22243,-96.634964
35.21217,-96.63422
35.201878,-96.63375
35.191597,-96.6334
35.281853,-96.6451
35.251133,-96.641624
35.24093,-96.64074
35.210045,-96.63922
35.30033,-96.65098
35.269627,-96.64746
35.22854,-96.64503
35.318817,-96.65691
35.30864,-96.65559
35.29839,-96.65442
35.267616,-96.65173
35.337257,-96.66293
35.327087,-96.661575
35.28612,-96.65758
35.275833,-96.65706
35.265522,-96.65671
35.355732,-96.668884
35.335323,-96.66629
35.30463,-96.66335
35.29434,-96.66283
35.28403,-96.662445
35.374237,-96.67467
35.353798,-96.672104
35.333332,-96.67001
35.31284,-96.66854
35.302555,-96.66811
35.372303,-96.677864
35.362015,-96.67676
35.34157,-96.67492
35.331326,-96.674286
35.32103,-96.67386
35.380527,-96.68252
35.36008,-96.680664
35.349808,-96.68007
35.339504,-96.67965
35.429703,-96.692184
35.419514,-96.690796
35.409267,-96.689545
35.399006,-96.68838
35.38881,-96.687386
35.378582,-96.68647
35.368313,-96.685844
35.357983,-96.685455
35.438038,-96.6966
35.427784,-96.69535
35.407303,-96.6932
35.39706,-96.6923
35.386784,-96.69167
35.376495,-96.69121
35.44629,-96.701164
35.425785,-96.69902
35.40527,-96.69746
35.394962,-96.69701
35.42372,-96.703285
35.413418,-96.702805
35.452496,-96.70969
35.44222,-96.70903
35.431904,-96.70856
35.450375,-96.71432
35.54048,-96.7275
35.53653,-96.73399
35.595844,-96.7452
35.554977,-96.739914
35.524166,-96.737625
35.614277,-96.7512
35.60413,-96.74962
35.59389,-96.74823
35.552906,-96.74408
35.542618,-96.74349
35.63273,-96.75715
35.62255,-96.75561
35.602077,-96.75285
35.651176,-96.763054
35.64102,-96.76146
35.630756,-96.760086
35.620476,-96.7588
35.610287,-96.75764
35.57946,-96.75524
35.659447,-96.76739
35.638916,-96.76468
35.618465,-96.762474
35.60821,-96.76166
35.597897,-96.76107
35.657368,-96.770515
35.647144,-96.76937
35.636883,-96.768326
35.61628,-96.76693
35.706417,-96.78083
35.696255,-96.779205
35.675743,-96.776405
35.665577,-96.77516
35.655346,-96.774055
35.645046,-96.77328
35.634697,-96.77271
35.704426,-96.78359
35.694157,-96.782234
35.683945,-96.78105
35.673725,-96.77991
35.743217,-96.792625
35.722878,-96.78941
35.712585,-96.78809
35.692123,-96.78582
35.681858,-96.78497
35.67156,-96.78432
35.751472,-96.797005
35.731037,-96.79403
35.720833,-96.79282
35.71057,-96.79175
35.689964,-96.79028
35.749393,-96.800125
35.739235,-96.79883
35.729034,-96.79764
35.71874,-96.796814
35.788338,-96.80899
35.81699,-96.81657
35.80684,-96.814865
35.796597,-96.813354
35.786335,-96.81193
35.76591,-96.8095
35.75564,-96.80862
35.825294,-96.820816
35.794624,-96.816536
35.78438,-96.81538
35.77413,-96.814445
35.763798,-96.813774
35.82329,-96.82371
35.813118,-96.822395
35.78228,-96.8196
35.872383,-96.8344
35.821327,-96.82711
35.880703,-96.83858
35.82952,-96.83206
35.909298,-96.846306
35.888947,-96.84292
35.878708,-96.84141
35.848007,-96.83793
35.92774,-96.852356
35.917606,-96.85056
35.897186,-96.84736
35.876785,-96.84476
35.936066,-96.85657
35.905487,-96.851944
35.895264,-96.850685
35.8747,-96.84891
35.93408,-96.85934
35.9239,-96.857956
35.90343,-96.85565
35.983093,-96.87037
35.952515,-96.865295
35.93212,-96.862595
35.92186,-96.86158
35.98117,-96.87285
35.960773,-96.869835
35.930008,-96.86664
36.01995,-96.88238
35.999596,-96.87885
35.98937,-96.87725
35.979202,-96.87582
35.969006,-96.874466
35.958748,-96.87343
36.02828,-96.88655
35.977203,-96.87941
36.03657,-96.8908
36.016163,-96.88774
36.06526,-96.8985
36.024403,-96.89237
36.01418,-96.891235
36.09388,-96.90636
36.083755,-96.90445
36.07354,-96.90272
36.06328,-96.90112
36.02232,-96.89632
36.10221,-96.91046
36.09201,-96.90869
36.071606,-96.905556
36.061367,-96.904205
36.051132,-96.90307
36.040836,-96.90215
36.130825,-96.918335
36.110474,-96.914665
36.100227,-96.91302
36.09007,-96.91149
36.079865,-96.91008
36.069584,-96.909
36.059277,-96.90807
36.11873,-96.91887
36.098293,-96.91602
36.088047,-96.91487
36.077755,-96.913925
36.106495,-96.92078
36.096207,-96.91981
36.18428,-96.938385
36.223076,-96.94809
36.21296,-96.946075
36.202766,-96.94422
36.192505,-96.942535
36.23141,-96.952
36.20084,-96.9468
36.170074,-96.94314
36.239708,-96.95609
36.22951,-96.95428
36.219368,-96.95266
36.278507,-96.96594
36.268368,-96.963936
36.237846,-96.95858
36.276714,-96.9679
36.24615,-96.96291
36.235912,-96.961655
36.315445,-96.977844
36.27478,-96.970375
36.254307,-96.967606
36.244053,-96.966484
36.313614,-96.97974
36.27278,-96.973434
36.311676,-96.982185
36.309715,-96.98521
36.40781,-97.00752
36.39772,-97.00537
36.36717,-96.99984
36.405956,-97.009514
36.39574,-97.00764
36.375385,-97.004326
36.434547,-97.01764
36.414158,-97.01374
36.404034,-97.01198
36.38358,-97.00904
36.442787,-97.02171
36.422443,-97.01803
36.412243,-97.01639
36.48148,-97.03193
36.471394,-97.02972
36.43066,-97.02232
36.410133,-97.01976
36.48982,-97.03569
36.469418,-97.031715
36.43884,-97.02688
36.487846,-97.03773
36.485928,-97.040405
36.49412,-97.04509
36.483852,-97.043846
